h 1 0
h -2 -1 66 0
h 2 1 66 0
3000 -66 0
h -3 -1 67 0
h 3 1 67 0
3000 -67 0
h -3 -2 68 0
h 3 2 68 0
1001 -68 0
h -4 -1 69 0
h 4 1 69 0
3000 -69 0
h -4 -2 70 0
h 4 2 70 0
1001 -70 0
h -4 -3 71 0
h 4 3 71 0
1001 -71 0
h -5 -1 72 0
h 5 1 72 0
3000 -72 0
h -5 -2 73 0
h 5 2 73 0
1001 -73 0
h -5 -3 74 0
h 5 3 74 0
1001 -74 0
h -5 -4 75 0
h 5 4 75 0
1001 -75 0
h -6 -1 76 0
h 6 1 76 0
3000 -76 0
h -6 -2 77 0
h 6 2 77 0
4 -77 0
h -6 3 -78 0
h 6 -3 -78 0
2 78 0
h -6 4 -79 0
h 6 -4 -79 0
2 79 0
h -6 5 -80 0
h 6 -5 -80 0
2 80 0
h -7 -1 81 0
h 7 1 81 0
3000 -81 0
h -7 2 -82 0
h 7 -2 -82 0
2 82 0
h -7 -3 83 0
h 7 3 83 0
4 -83 0
h -7 4 -84 0
h 7 -4 -84 0
2 84 0
h -7 5 -85 0
h 7 -5 -85 0
2 85 0
h -7 -6 86 0
h 7 6 86 0
1001 -86 0
h -8 -1 87 0
h 8 1 87 0
3000 -87 0
h -8 2 -88 0
h 8 -2 -88 0
2 88 0
h -8 3 -89 0
h 8 -3 -89 0
2 89 0
h -8 -4 90 0
h 8 4 90 0
4 -90 0
h -8 5 -91 0
h 8 -5 -91 0
2 91 0
h -8 -6 92 0
h 8 6 92 0
1001 -92 0
h -8 -7 93 0
h 8 7 93 0
1001 -93 0
h -9 -1 94 0
h 9 1 94 0
3000 -94 0
h -9 2 -95 0
h 9 -2 -95 0
2 95 0
h -9 3 -96 0
h 9 -3 -96 0
2 96 0
h -9 4 -97 0
h 9 -4 -97 0
2 97 0
h -9 -5 98 0
h 9 5 98 0
4 -98 0
h -9 -6 99 0
h 9 6 99 0
1001 -99 0
h -9 -7 100 0
h 9 7 100 0
1001 -100 0
h -9 -8 101 0
h 9 8 101 0
1001 -101 0
h -10 -1 102 0
h 10 1 102 0
3000 -102 0
h -10 -2 103 0
h 10 2 103 0
2 -103 0
h -10 3 -104 0
h 10 -3 -104 0
1 104 0
h -10 4 -105 0
h 10 -4 -105 0
1 105 0
h -10 5 -106 0
h 10 -5 -106 0
1 106 0
h -10 -6 107 0
h 10 6 107 0
2 -107 0
h -10 7 -108 0
h 10 -7 -108 0
1 108 0
h -10 8 -109 0
h 10 -8 -109 0
1 109 0
h -10 9 -110 0
h 10 -9 -110 0
1 110 0
h -11 -1 111 0
h 11 1 111 0
3000 -111 0
h -11 2 -112 0
h 11 -2 -112 0
1 112 0
h -11 -3 113 0
h 11 3 113 0
2 -113 0
h -11 4 -114 0
h 11 -4 -114 0
1 114 0
h -11 5 -115 0
h 11 -5 -115 0
1 115 0
h -11 6 -116 0
h 11 -6 -116 0
1 116 0
h -11 -7 117 0
h 11 7 117 0
2 -117 0
h -11 8 -118 0
h 11 -8 -118 0
1 118 0
h -11 9 -119 0
h 11 -9 -119 0
1 119 0
h -11 -10 120 0
h 11 10 120 0
1001 -120 0
h -12 -1 121 0
h 12 1 121 0
3000 -121 0
h -12 2 -122 0
h 12 -2 -122 0
1 122 0
h -12 3 -123 0
h 12 -3 -123 0
1 123 0
h -12 -4 124 0
h 12 4 124 0
2 -124 0
h -12 5 -125 0
h 12 -5 -125 0
1 125 0
h -12 6 -126 0
h 12 -6 -126 0
1 126 0
h -12 7 -127 0
h 12 -7 -127 0
1 127 0
h -12 -8 128 0
h 12 8 128 0
2 -128 0
h -12 9 -129 0
h 12 -9 -129 0
1 129 0
h -12 -10 130 0
h 12 10 130 0
1001 -130 0
h -12 -11 131 0
h 12 11 131 0
1001 -131 0
h -13 -1 132 0
h 13 1 132 0
3000 -132 0
h -13 2 -133 0
h 13 -2 -133 0
1 133 0
h -13 3 -134 0
h 13 -3 -134 0
1 134 0
h -13 4 -135 0
h 13 -4 -135 0
1 135 0
h -13 -5 136 0
h 13 5 136 0
2 -136 0
h -13 6 -137 0
h 13 -6 -137 0
1 137 0
h -13 7 -138 0
h 13 -7 -138 0
1 138 0
h -13 8 -139 0
h 13 -8 -139 0
1 139 0
h -13 -9 140 0
h 13 9 140 0
2 -140 0
h -13 -10 141 0
h 13 10 141 0
1001 -141 0
h -13 -11 142 0
h 13 11 142 0
1001 -142 0
h -13 -12 143 0
h 13 12 143 0
1001 -143 0
h -14 -1 144 0
h 14 1 144 0
3000 -144 0
h -14 -2 145 0
h 14 2 145 0
2 -145 0
h -14 3 -146 0
h 14 -3 -146 0
1 146 0
h -14 4 -147 0
h 14 -4 -147 0
1 147 0
h -14 5 -148 0
h 14 -5 -148 0
1 148 0
h -14 -6 149 0
h 14 6 149 0
2 -149 0
h -14 7 -150 0
h 14 -7 -150 0
1 150 0
h -14 8 -151 0
h 14 -8 -151 0
1 151 0
h -14 9 -152 0
h 14 -9 -152 0
1 152 0
h -14 -10 153 0
h 14 10 153 0
4 -153 0
h -14 11 -154 0
h 14 -11 -154 0
2 154 0
h -14 12 -155 0
h 14 -12 -155 0
2 155 0
h -14 13 -156 0
h 14 -13 -156 0
2 156 0
h -15 -1 157 0
h 15 1 157 0
3000 -157 0
h -15 2 -158 0
h 15 -2 -158 0
1 158 0
h -15 -3 159 0
h 15 3 159 0
2 -159 0
h -15 4 -160 0
h 15 -4 -160 0
1 160 0
h -15 5 -161 0
h 15 -5 -161 0
1 161 0
h -15 6 -162 0
h 15 -6 -162 0
1 162 0
h -15 -7 163 0
h 15 7 163 0
2 -163 0
h -15 8 -164 0
h 15 -8 -164 0
1 164 0
h -15 9 -165 0
h 15 -9 -165 0
1 165 0
h -15 10 -166 0
h 15 -10 -166 0
2 166 0
h -15 -11 167 0
h 15 11 167 0
4 -167 0
h -15 12 -168 0
h 15 -12 -168 0
2 168 0
h -15 13 -169 0
h 15 -13 -169 0
2 169 0
h -15 -14 170 0
h 15 14 170 0
1002 -170 0
h -16 -1 171 0
h 16 1 171 0
3000 -171 0
h -16 2 -172 0
h 16 -2 -172 0
1 172 0
h -16 3 -173 0
h 16 -3 -173 0
1 173 0
h -16 -4 174 0
h 16 4 174 0
2 -174 0
h -16 5 -175 0
h 16 -5 -175 0
1 175 0
h -16 6 -176 0
h 16 -6 -176 0
1 176 0
h -16 7 -177 0
h 16 -7 -177 0
1 177 0
h -16 -8 178 0
h 16 8 178 0
2 -178 0
h -16 9 -179 0
h 16 -9 -179 0
1 179 0
h -16 10 -180 0
h 16 -10 -180 0
2 180 0
h -16 11 -181 0
h 16 -11 -181 0
2 181 0
h -16 -12 182 0
h 16 12 182 0
4 -182 0
h -16 13 -183 0
h 16 -13 -183 0
2 183 0
h -16 -14 184 0
h 16 14 184 0
1001 -184 0
h -16 -15 185 0
h 16 15 185 0
1001 -185 0
h -17 -1 186 0
h 17 1 186 0
3000 -186 0
h -17 2 -187 0
h 17 -2 -187 0
1 187 0
h -17 3 -188 0
h 17 -3 -188 0
1 188 0
h -17 4 -189 0
h 17 -4 -189 0
1 189 0
h -17 -5 190 0
h 17 5 190 0
2 -190 0
h -17 6 -191 0
h 17 -6 -191 0
1 191 0
h -17 7 -192 0
h 17 -7 -192 0
1 192 0
h -17 8 -193 0
h 17 -8 -193 0
1 193 0
h -17 -9 194 0
h 17 9 194 0
2 -194 0
h -17 10 -195 0
h 17 -10 -195 0
2 195 0
h -17 11 -196 0
h 17 -11 -196 0
2 196 0
h -17 12 -197 0
h 17 -12 -197 0
2 197 0
h -17 -13 198 0
h 17 13 198 0
4 -198 0
h -17 -14 199 0
h 17 14 199 0
1001 -199 0
h -17 -15 200 0
h 17 15 200 0
1001 -200 0
h -17 -16 201 0
h 17 16 201 0
1001 -201 0
h -18 -1 202 0
h 18 1 202 0
3000 -202 0
h -18 -2 203 0
h 18 2 203 0
4 -203 0
h -18 3 -204 0
h 18 -3 -204 0
2 204 0
h -18 4 -205 0
h 18 -4 -205 0
2 205 0
h -18 5 -206 0
h 18 -5 -206 0
2 206 0
h -18 10 -207 0
h 18 -10 -207 0
2 207 0
h -18 14 -208 0
h 18 -14 -208 0
2 208 0
h -19 -1 209 0
h 19 1 209 0
3000 -209 0
h -19 2 -210 0
h 19 -2 -210 0
2 210 0
h -19 -3 211 0
h 19 3 211 0
4 -211 0
h -19 4 -212 0
h 19 -4 -212 0
2 212 0
h -19 5 -213 0
h 19 -5 -213 0
2 213 0
h -19 11 -214 0
h 19 -11 -214 0
2 214 0
h -19 15 -215 0
h 19 -15 -215 0
2 215 0
h -19 -18 216 0
h 19 18 216 0
1002 -216 0
h -20 -1 217 0
h 20 1 217 0
3000 -217 0
h -20 2 -218 0
h 20 -2 -218 0
2 218 0
h -20 3 -219 0
h 20 -3 -219 0
2 219 0
h -20 -4 220 0
h 20 4 220 0
4 -220 0
h -20 5 -221 0
h 20 -5 -221 0
2 221 0
h -20 12 -222 0
h 20 -12 -222 0
2 222 0
h -20 16 -223 0
h 20 -16 -223 0
2 223 0
h -20 -18 224 0
h 20 18 224 0
1001 -224 0
h -20 -19 225 0
h 20 19 225 0
1001 -225 0
h -21 -1 226 0
h 21 1 226 0
3000 -226 0
h -21 2 -227 0
h 21 -2 -227 0
2 227 0
h -21 3 -228 0
h 21 -3 -228 0
2 228 0
h -21 4 -229 0
h 21 -4 -229 0
2 229 0
h -21 -5 230 0
h 21 5 230 0
4 -230 0
h -21 13 -231 0
h 21 -13 -231 0
2 231 0
h -21 17 -232 0
h 21 -17 -232 0
2 232 0
h -21 -18 233 0
h 21 18 233 0
1001 -233 0
h -21 -19 234 0
h 21 19 234 0
1001 -234 0
h -21 -20 235 0
h 21 20 235 0
1001 -235 0
h -22 -1 236 0
h 22 1 236 0
3000 -236 0
h -22 -6 237 0
h 22 6 237 0
4 -237 0
h -22 7 -238 0
h 22 -7 -238 0
2 238 0
h -22 8 -239 0
h 22 -8 -239 0
2 239 0
h -22 9 -240 0
h 22 -9 -240 0
2 240 0
h -22 10 -241 0
h 22 -10 -241 0
2 241 0
h -22 14 -242 0
h 22 -14 -242 0
2 242 0
h -22 -18 243 0
h 22 18 243 0
4 -243 0
h -22 19 -244 0
h 22 -19 -244 0
2 244 0
h -22 20 -245 0
h 22 -20 -245 0
2 245 0
h -22 21 -246 0
h 22 -21 -246 0
2 246 0
h -23 -1 247 0
h 23 1 247 0
3000 -247 0
h -23 6 -248 0
h 23 -6 -248 0
2 248 0
h -23 -7 249 0
h 23 7 249 0
4 -249 0
h -23 8 -250 0
h 23 -8 -250 0
2 250 0
h -23 9 -251 0
h 23 -9 -251 0
2 251 0
h -23 11 -252 0
h 23 -11 -252 0
2 252 0
h -23 15 -253 0
h 23 -15 -253 0
2 253 0
h -23 18 -254 0
h 23 -18 -254 0
2 254 0
h -23 -19 255 0
h 23 19 255 0
4 -255 0
h -23 20 -256 0
h 23 -20 -256 0
2 256 0
h -23 21 -257 0
h 23 -21 -257 0
2 257 0
h -23 -22 258 0
h 23 22 258 0
1002 -258 0
h -24 -1 259 0
h 24 1 259 0
3000 -259 0
h -24 6 -260 0
h 24 -6 -260 0
2 260 0
h -24 7 -261 0
h 24 -7 -261 0
2 261 0
h -24 -8 262 0
h 24 8 262 0
4 -262 0
h -24 9 -263 0
h 24 -9 -263 0
2 263 0
h -24 12 -264 0
h 24 -12 -264 0
2 264 0
h -24 16 -265 0
h 24 -16 -265 0
2 265 0
h -24 18 -266 0
h 24 -18 -266 0
2 266 0
h -24 19 -267 0
h 24 -19 -267 0
2 267 0
h -24 -20 268 0
h 24 20 268 0
4 -268 0
h -24 21 -269 0
h 24 -21 -269 0
2 269 0
h -24 -22 270 0
h 24 22 270 0
1001 -270 0
h -24 -23 271 0
h 24 23 271 0
1001 -271 0
h -25 -1 272 0
h 25 1 272 0
3000 -272 0
h -25 6 -273 0
h 25 -6 -273 0
2 273 0
h -25 7 -274 0
h 25 -7 -274 0
2 274 0
h -25 8 -275 0
h 25 -8 -275 0
2 275 0
h -25 -9 276 0
h 25 9 276 0
4 -276 0
h -25 13 -277 0
h 25 -13 -277 0
2 277 0
h -25 17 -278 0
h 25 -17 -278 0
2 278 0
h -25 18 -279 0
h 25 -18 -279 0
2 279 0
h -25 19 -280 0
h 25 -19 -280 0
2 280 0
h -25 20 -281 0
h 25 -20 -281 0
2 281 0
h -25 -21 282 0
h 25 21 282 0
4 -282 0
h -25 -22 283 0
h 25 22 283 0
1001 -283 0
h -25 -23 284 0
h 25 23 284 0
1001 -284 0
h -25 -24 285 0
h 25 24 285 0
1001 -285 0
h -26 -1 286 0
h 26 1 286 0
3000 -286 0
h -26 2 -287 0
h 26 -2 -287 0
2 287 0
h -26 6 -288 0
h 26 -6 -288 0
2 288 0
h -26 -10 289 0
h 26 10 289 0
4 -289 0
h -26 11 -290 0
h 26 -11 -290 0
2 290 0
h -26 12 -291 0
h 26 -12 -291 0
2 291 0
h -26 13 -292 0
h 26 -13 -292 0
2 292 0
h -26 -18 293 0
h 26 18 293 0
2 -293 0
h -26 19 -294 0
h 26 -19 -294 0
1 294 0
h -26 20 -295 0
h 26 -20 -295 0
1 295 0
h -26 21 -296 0
h 26 -21 -296 0
1 296 0
h -26 -22 297 0
h 26 22 297 0
2 -297 0
h -26 23 -298 0
h 26 -23 -298 0
1 298 0
h -26 24 -299 0
h 26 -24 -299 0
1 299 0
h -26 25 -300 0
h 26 -25 -300 0
1 300 0
h -27 -1 301 0
h 27 1 301 0
3000 -301 0
h -27 3 -302 0
h 27 -3 -302 0
2 302 0
h -27 7 -303 0
h 27 -7 -303 0
2 303 0
h -27 10 -304 0
h 27 -10 -304 0
2 304 0
h -27 -11 305 0
h 27 11 305 0
4 -305 0
h -27 12 -306 0
h 27 -12 -306 0
2 306 0
h -27 13 -307 0
h 27 -13 -307 0
2 307 0
h -27 18 -308 0
h 27 -18 -308 0
1 308 0
h -27 -19 309 0
h 27 19 309 0
2 -309 0
h -27 20 -310 0
h 27 -20 -310 0
1 310 0
h -27 21 -311 0
h 27 -21 -311 0
1 311 0
h -27 22 -312 0
h 27 -22 -312 0
1 312 0
h -27 -23 313 0
h 27 23 313 0
2 -313 0
h -27 24 -314 0
h 27 -24 -314 0
1 314 0
h -27 25 -315 0
h 27 -25 -315 0
1 315 0
h -27 -26 316 0
h 27 26 316 0
1001 -316 0
h -28 -1 317 0
h 28 1 317 0
3000 -317 0
h -28 4 -318 0
h 28 -4 -318 0
2 318 0
h -28 8 -319 0
h 28 -8 -319 0
2 319 0
h -28 10 -320 0
h 28 -10 -320 0
2 320 0
h -28 11 -321 0
h 28 -11 -321 0
2 321 0
h -28 -12 322 0
h 28 12 322 0
4 -322 0
h -28 13 -323 0
h 28 -13 -323 0
2 323 0
h -28 18 -324 0
h 28 -18 -324 0
1 324 0
h -28 19 -325 0
h 28 -19 -325 0
1 325 0
h -28 -20 326 0
h 28 20 326 0
2 -326 0
h -28 21 -327 0
h 28 -21 -327 0
1 327 0
h -28 22 -328 0
h 28 -22 -328 0
1 328 0
h -28 23 -329 0
h 28 -23 -329 0
1 329 0
h -28 -24 330 0
h 28 24 330 0
2 -330 0
h -28 25 -331 0
h 28 -25 -331 0
1 331 0
h -28 -26 332 0
h 28 26 332 0
1001 -332 0
h -28 -27 333 0
h 28 27 333 0
1001 -333 0
h -29 -1 334 0
h 29 1 334 0
3000 -334 0
h -29 5 -335 0
h 29 -5 -335 0
2 335 0
h -29 9 -336 0
h 29 -9 -336 0
2 336 0
h -29 10 -337 0
h 29 -10 -337 0
2 337 0
h -29 11 -338 0
h 29 -11 -338 0
2 338 0
h -29 12 -339 0
h 29 -12 -339 0
2 339 0
h -29 -13 340 0
h 29 13 340 0
4 -340 0
h -29 18 -341 0
h 29 -18 -341 0
1 341 0
h -29 19 -342 0
h 29 -19 -342 0
1 342 0
h -29 20 -343 0
h 29 -20 -343 0
1 343 0
h -29 -21 344 0
h 29 21 344 0
2 -344 0
h -29 22 -345 0
h 29 -22 -345 0
1 345 0
h -29 23 -346 0
h 29 -23 -346 0
1 346 0
h -29 24 -347 0
h 29 -24 -347 0
1 347 0
h -29 -25 348 0
h 29 25 348 0
2 -348 0
h -29 -26 349 0
h 29 26 349 0
1001 -349 0
h -29 -27 350 0
h 29 27 350 0
1001 -350 0
h -29 -28 351 0
h 29 28 351 0
1002 -351 0
h -30 -1 352 0
h 30 1 352 0
3000 -352 0
h -30 2 -353 0
h 30 -2 -353 0
2 353 0
h -30 6 -354 0
h 30 -6 -354 0
2 354 0
h -30 -14 355 0
h 30 14 355 0
4 -355 0
h -30 15 -356 0
h 30 -15 -356 0
2 356 0
h -30 16 -357 0
h 30 -16 -357 0
2 357 0
h -30 17 -358 0
h 30 -17 -358 0
2 358 0
h -30 -18 359 0
h 30 18 359 0
2 -359 0
h -30 19 -360 0
h 30 -19 -360 0
1 360 0
h -30 20 -361 0
h 30 -20 -361 0
1 361 0
h -30 21 -362 0
h 30 -21 -362 0
1 362 0
h -30 -22 363 0
h 30 22 363 0
2 -363 0
h -30 23 -364 0
h 30 -23 -364 0
1 364 0
h -30 24 -365 0
h 30 -24 -365 0
1 365 0
h -30 25 -366 0
h 30 -25 -366 0
1 366 0
h -30 -26 367 0
h 30 26 367 0
4 -367 0
h -30 27 -368 0
h 30 -27 -368 0
2 368 0
h -30 28 -369 0
h 30 -28 -369 0
2 369 0
h -30 29 -370 0
h 30 -29 -370 0
2 370 0
h -31 -1 371 0
h 31 1 371 0
3000 -371 0
h -31 3 -372 0
h 31 -3 -372 0
2 372 0
h -31 7 -373 0
h 31 -7 -373 0
2 373 0
h -31 14 -374 0
h 31 -14 -374 0
2 374 0
h -31 -15 375 0
h 31 15 375 0
4 -375 0
h -31 16 -376 0
h 31 -16 -376 0
2 376 0
h -31 17 -377 0
h 31 -17 -377 0
2 377 0
h -31 18 -378 0
h 31 -18 -378 0
1 378 0
h -31 -19 379 0
h 31 19 379 0
2 -379 0
h -31 20 -380 0
h 31 -20 -380 0
1 380 0
h -31 21 -381 0
h 31 -21 -381 0
1 381 0
h -31 22 -382 0
h 31 -22 -382 0
1 382 0
h -31 -23 383 0
h 31 23 383 0
2 -383 0
h -31 24 -384 0
h 31 -24 -384 0
1 384 0
h -31 25 -385 0
h 31 -25 -385 0
1 385 0
h -31 26 -386 0
h 31 -26 -386 0
2 386 0
h -31 -27 387 0
h 31 27 387 0
4 -387 0
h -31 28 -388 0
h 31 -28 -388 0
2 388 0
h -31 29 -389 0
h 31 -29 -389 0
2 389 0
h -31 -30 390 0
h 31 30 390 0
1001 -390 0
h -32 -1 391 0
h 32 1 391 0
3000 -391 0
h -32 4 -392 0
h 32 -4 -392 0
2 392 0
h -32 8 -393 0
h 32 -8 -393 0
2 393 0
h -32 14 -394 0
h 32 -14 -394 0
2 394 0
h -32 15 -395 0
h 32 -15 -395 0
2 395 0
h -32 -16 396 0
h 32 16 396 0
4 -396 0
h -32 17 -397 0
h 32 -17 -397 0
2 397 0
h -32 18 -398 0
h 32 -18 -398 0
1 398 0
h -32 19 -399 0
h 32 -19 -399 0
1 399 0
h -32 -20 400 0
h 32 20 400 0
2 -400 0
h -32 21 -401 0
h 32 -21 -401 0
1 401 0
h -32 22 -402 0
h 32 -22 -402 0
1 402 0
h -32 23 -403 0
h 32 -23 -403 0
1 403 0
h -32 -24 404 0
h 32 24 404 0
2 -404 0
h -32 25 -405 0
h 32 -25 -405 0
1 405 0
h -32 26 -406 0
h 32 -26 -406 0
2 406 0
h -32 27 -407 0
h 32 -27 -407 0
2 407 0
h -32 -28 408 0
h 32 28 408 0
4 -408 0
h -32 29 -409 0
h 32 -29 -409 0
2 409 0
h -32 -30 410 0
h 32 30 410 0
1001 -410 0
h -32 -31 411 0
h 32 31 411 0
1001 -411 0
h -33 -1 412 0
h 33 1 412 0
3000 -412 0
h -33 5 -413 0
h 33 -5 -413 0
2 413 0
h -33 9 -414 0
h 33 -9 -414 0
2 414 0
h -33 14 -415 0
h 33 -14 -415 0
2 415 0
h -33 15 -416 0
h 33 -15 -416 0
2 416 0
h -33 16 -417 0
h 33 -16 -417 0
2 417 0
h -33 -17 418 0
h 33 17 418 0
4 -418 0
h -33 18 -419 0
h 33 -18 -419 0
1 419 0
h -33 19 -420 0
h 33 -19 -420 0
1 420 0
h -33 20 -421 0
h 33 -20 -421 0
1 421 0
h -33 -21 422 0
h 33 21 422 0
2 -422 0
h -33 22 -423 0
h 33 -22 -423 0
1 423 0
h -33 23 -424 0
h 33 -23 -424 0
1 424 0
h -33 24 -425 0
h 33 -24 -425 0
1 425 0
h -33 -25 426 0
h 33 25 426 0
2 -426 0
h -33 26 -427 0
h 33 -26 -427 0
2 427 0
h -33 27 -428 0
h 33 -27 -428 0
2 428 0
h -33 28 -429 0
h 33 -28 -429 0
2 429 0
h -33 -29 430 0
h 33 29 430 0
4 -430 0
h -33 -30 431 0
h 33 30 431 0
1001 -431 0
h -33 -31 432 0
h 33 31 432 0
1001 -432 0
h -33 -32 433 0
h 33 32 433 0
1002 -433 0
h -34 -1 434 0
h 34 1 434 0
3000 -434 0
h -34 -2 435 0
h 34 2 435 0
2 -435 0
h -34 3 -436 0
h 34 -3 -436 0
1 436 0
h -34 4 -437 0
h 34 -4 -437 0
1 437 0
h -34 5 -438 0
h 34 -5 -438 0
1 438 0
h -34 6 -439 0
h 34 -6 -439 0
2 439 0
h -34 -18 440 0
h 34 18 440 0
2 -440 0
h -34 19 -441 0
h 34 -19 -441 0
1 441 0
h -34 20 -442 0
h 34 -20 -442 0
1 442 0
h -34 21 -443 0
h 34 -21 -443 0
1 443 0
h -34 22 -444 0
h 34 -22 -444 0
2 444 0
h -35 -1 445 0
h 35 1 445 0
3000 -445 0
h -35 2 -446 0
h 35 -2 -446 0
1 446 0
h -35 -3 447 0
h 35 3 447 0
2 -447 0
h -35 4 -448 0
h 35 -4 -448 0
1 448 0
h -35 5 -449 0
h 35 -5 -449 0
1 449 0
h -35 7 -450 0
h 35 -7 -450 0
2 450 0
h -35 18 -451 0
h 35 -18 -451 0
1 451 0
h -35 -19 452 0
h 35 19 452 0
2 -452 0
h -35 20 -453 0
h 35 -20 -453 0
1 453 0
h -35 21 -454 0
h 35 -21 -454 0
1 454 0
h -35 23 -455 0
h 35 -23 -455 0
2 455 0
h -35 -34 456 0
h 35 34 456 0
1001 -456 0
h -36 -1 457 0
h 36 1 457 0
3000 -457 0
h -36 2 -458 0
h 36 -2 -458 0
1 458 0
h -36 3 -459 0
h 36 -3 -459 0
1 459 0
h -36 -4 460 0
h 36 4 460 0
2 -460 0
h -36 5 -461 0
h 36 -5 -461 0
1 461 0
h -36 8 -462 0
h 36 -8 -462 0
2 462 0
h -36 18 -463 0
h 36 -18 -463 0
1 463 0
h -36 19 -464 0
h 36 -19 -464 0
1 464 0
h -36 -20 465 0
h 36 20 465 0
2 -465 0
h -36 21 -466 0
h 36 -21 -466 0
1 466 0
h -36 24 -467 0
h 36 -24 -467 0
2 467 0
h -36 -34 468 0
h 36 34 468 0
1001 -468 0
h -36 -35 469 0
h 36 35 469 0
1001 -469 0
h -37 -1 470 0
h 37 1 470 0
3000 -470 0
h -37 2 -471 0
h 37 -2 -471 0
1 471 0
h -37 3 -472 0
h 37 -3 -472 0
1 472 0
h -37 4 -473 0
h 37 -4 -473 0
1 473 0
h -37 -5 474 0
h 37 5 474 0
2 -474 0
h -37 9 -475 0
h 37 -9 -475 0
2 475 0
h -37 18 -476 0
h 37 -18 -476 0
1 476 0
h -37 19 -477 0
h 37 -19 -477 0
1 477 0
h -37 20 -478 0
h 37 -20 -478 0
1 478 0
h -37 -21 479 0
h 37 21 479 0
2 -479 0
h -37 25 -480 0
h 37 -25 -480 0
2 480 0
h -37 -34 481 0
h 37 34 481 0
1001 -481 0
h -37 -35 482 0
h 37 35 482 0
1001 -482 0
h -37 -36 483 0
h 37 36 483 0
1001 -483 0
h -38 -1 484 0
h 38 1 484 0
3000 -484 0
h -38 2 -485 0
h 38 -2 -485 0
2 485 0
h -38 -6 486 0
h 38 6 486 0
2 -486 0
h -38 7 -487 0
h 38 -7 -487 0
1 487 0
h -38 8 -488 0
h 38 -8 -488 0
1 488 0
h -38 9 -489 0
h 38 -9 -489 0
1 489 0
h -38 18 -490 0
h 38 -18 -490 0
2 490 0
h -38 -22 491 0
h 38 22 491 0
2 -491 0
h -38 23 -492 0
h 38 -23 -492 0
1 492 0
h -38 24 -493 0
h 38 -24 -493 0
1 493 0
h -38 25 -494 0
h 38 -25 -494 0
1 494 0
h -38 -34 495 0
h 38 34 495 0
4 -495 0
h -38 35 -496 0
h 38 -35 -496 0
2 496 0
h -38 36 -497 0
h 38 -36 -497 0
2 497 0
h -38 37 -498 0
h 38 -37 -498 0
2 498 0
h -39 -1 499 0
h 39 1 499 0
3000 -499 0
h -39 3 -500 0
h 39 -3 -500 0
2 500 0
h -39 6 -501 0
h 39 -6 -501 0
1 501 0
h -39 -7 502 0
h 39 7 502 0
2 -502 0
h -39 8 -503 0
h 39 -8 -503 0
1 503 0
h -39 9 -504 0
h 39 -9 -504 0
1 504 0
h -39 19 -505 0
h 39 -19 -505 0
2 505 0
h -39 22 -506 0
h 39 -22 -506 0
1 506 0
h -39 -23 507 0
h 39 23 507 0
2 -507 0
h -39 24 -508 0
h 39 -24 -508 0
1 508 0
h -39 25 -509 0
h 39 -25 -509 0
1 509 0
h -39 34 -510 0
h 39 -34 -510 0
2 510 0
h -39 -35 511 0
h 39 35 511 0
4 -511 0
h -39 36 -512 0
h 39 -36 -512 0
2 512 0
h -39 37 -513 0
h 39 -37 -513 0
2 513 0
h -39 -38 514 0
h 39 38 514 0
1001 -514 0
h -40 -1 515 0
h 40 1 515 0
3000 -515 0
h -40 4 -516 0
h 40 -4 -516 0
2 516 0
h -40 6 -517 0
h 40 -6 -517 0
1 517 0
h -40 7 -518 0
h 40 -7 -518 0
1 518 0
h -40 -8 519 0
h 40 8 519 0
2 -519 0
h -40 9 -520 0
h 40 -9 -520 0
1 520 0
h -40 20 -521 0
h 40 -20 -521 0
2 521 0
h -40 22 -522 0
h 40 -22 -522 0
1 522 0
h -40 23 -523 0
h 40 -23 -523 0
1 523 0
h -40 -24 524 0
h 40 24 524 0
2 -524 0
h -40 25 -525 0
h 40 -25 -525 0
1 525 0
h -40 34 -526 0
h 40 -34 -526 0
2 526 0
h -40 35 -527 0
h 40 -35 -527 0
2 527 0
h -40 -36 528 0
h 40 36 528 0
4 -528 0
h -40 37 -529 0
h 40 -37 -529 0
2 529 0
h -40 -38 530 0
h 40 38 530 0
1001 -530 0
h -40 -39 531 0
h 40 39 531 0
1001 -531 0
h -41 -1 532 0
h 41 1 532 0
3000 -532 0
h -41 5 -533 0
h 41 -5 -533 0
2 533 0
h -41 6 -534 0
h 41 -6 -534 0
1 534 0
h -41 7 -535 0
h 41 -7 -535 0
1 535 0
h -41 8 -536 0
h 41 -8 -536 0
1 536 0
h -41 -9 537 0
h 41 9 537 0
2 -537 0
h -41 21 -538 0
h 41 -21 -538 0
2 538 0
h -41 22 -539 0
h 41 -22 -539 0
1 539 0
h -41 23 -540 0
h 41 -23 -540 0
1 540 0
h -41 24 -541 0
h 41 -24 -541 0
1 541 0
h -41 -25 542 0
h 41 25 542 0
2 -542 0
h -41 34 -543 0
h 41 -34 -543 0
2 543 0
h -41 35 -544 0
h 41 -35 -544 0
2 544 0
h -41 36 -545 0
h 41 -36 -545 0
2 545 0
h -41 -37 546 0
h 41 37 546 0
4 -546 0
h -41 -38 547 0
h 41 38 547 0
1001 -547 0
h -41 -39 548 0
h 41 39 548 0
1001 -548 0
h -41 -40 549 0
h 41 40 549 0
1001 -549 0
h -42 -1 550 0
h 42 1 550 0
3000 -550 0
h -42 -10 551 0
h 42 10 551 0
2 -551 0
h -42 11 -552 0
h 42 -11 -552 0
1 552 0
h -42 12 -553 0
h 42 -12 -553 0
1 553 0
h -42 13 -554 0
h 42 -13 -554 0
1 554 0
h -42 14 -555 0
h 42 -14 -555 0
2 555 0
h -42 -26 556 0
h 42 26 556 0
2 -556 0
h -42 27 -557 0
h 42 -27 -557 0
1 557 0
h -42 28 -558 0
h 42 -28 -558 0
1 558 0
h -42 29 -559 0
h 42 -29 -559 0
1 559 0
h -42 30 -560 0
h 42 -30 -560 0
2 560 0
h -42 -34 561 0
h 42 34 561 0
2 -561 0
h -42 35 -562 0
h 42 -35 -562 0
1 562 0
h -42 36 -563 0
h 42 -36 -563 0
1 563 0
h -42 37 -564 0
h 42 -37 -564 0
1 564 0
h -42 -38 565 0
h 42 38 565 0
2 -565 0
h -42 39 -566 0
h 42 -39 -566 0
1 566 0
h -42 40 -567 0
h 42 -40 -567 0
1 567 0
h -42 41 -568 0
h 42 -41 -568 0
1 568 0
h -43 -1 569 0
h 43 1 569 0
3000 -569 0
h -43 10 -570 0
h 43 -10 -570 0
1 570 0
h -43 -11 571 0
h 43 11 571 0
2 -571 0
h -43 12 -572 0
h 43 -12 -572 0
1 572 0
h -43 13 -573 0
h 43 -13 -573 0
1 573 0
h -43 15 -574 0
h 43 -15 -574 0
2 574 0
h -43 26 -575 0
h 43 -26 -575 0
1 575 0
h -43 -27 576 0
h 43 27 576 0
2 -576 0
h -43 28 -577 0
h 43 -28 -577 0
1 577 0
h -43 29 -578 0
h 43 -29 -578 0
1 578 0
h -43 31 -579 0
h 43 -31 -579 0
2 579 0
h -43 34 -580 0
h 43 -34 -580 0
1 580 0
h -43 -35 581 0
h 43 35 581 0
2 -581 0
h -43 36 -582 0
h 43 -36 -582 0
1 582 0
h -43 37 -583 0
h 43 -37 -583 0
1 583 0
h -43 38 -584 0
h 43 -38 -584 0
1 584 0
h -43 -39 585 0
h 43 39 585 0
2 -585 0
h -43 40 -586 0
h 43 -40 -586 0
1 586 0
h -43 41 -587 0
h 43 -41 -587 0
1 587 0
h -43 -42 588 0
h 43 42 588 0
1001 -588 0
h -44 -1 589 0
h 44 1 589 0
3000 -589 0
h -44 10 -590 0
h 44 -10 -590 0
1 590 0
h -44 11 -591 0
h 44 -11 -591 0
1 591 0
h -44 -12 592 0
h 44 12 592 0
2 -592 0
h -44 13 -593 0
h 44 -13 -593 0
1 593 0
h -44 16 -594 0
h 44 -16 -594 0
2 594 0
h -44 26 -595 0
h 44 -26 -595 0
1 595 0
h -44 27 -596 0
h 44 -27 -596 0
1 596 0
h -44 -28 597 0
h 44 28 597 0
2 -597 0
h -44 29 -598 0
h 44 -29 -598 0
1 598 0
h -44 32 -599 0
h 44 -32 -599 0
2 599 0
h -44 34 -600 0
h 44 -34 -600 0
1 600 0
h -44 35 -601 0
h 44 -35 -601 0
1 601 0
h -44 -36 602 0
h 44 36 602 0
2 -602 0
h -44 37 -603 0
h 44 -37 -603 0
1 603 0
h -44 38 -604 0
h 44 -38 -604 0
1 604 0
h -44 39 -605 0
h 44 -39 -605 0
1 605 0
h -44 -40 606 0
h 44 40 606 0
2 -606 0
h -44 41 -607 0
h 44 -41 -607 0
1 607 0
h -44 -42 608 0
h 44 42 608 0
1001 -608 0
h -44 -43 609 0
h 44 43 609 0
1001 -609 0
h -45 -1 610 0
h 45 1 610 0
3000 -610 0
h -45 10 -611 0
h 45 -10 -611 0
1 611 0
h -45 11 -612 0
h 45 -11 -612 0
1 612 0
h -45 12 -613 0
h 45 -12 -613 0
1 613 0
h -45 -13 614 0
h 45 13 614 0
2 -614 0
h -45 17 -615 0
h 45 -17 -615 0
2 615 0
h -45 26 -616 0
h 45 -26 -616 0
1 616 0
h -45 27 -617 0
h 45 -27 -617 0
1 617 0
h -45 28 -618 0
h 45 -28 -618 0
1 618 0
h -45 -29 619 0
h 45 29 619 0
2 -619 0
h -45 33 -620 0
h 45 -33 -620 0
2 620 0
h -45 34 -621 0
h 45 -34 -621 0
1 621 0
h -45 35 -622 0
h 45 -35 -622 0
1 622 0
h -45 36 -623 0
h 45 -36 -623 0
1 623 0
h -45 -37 624 0
h 45 37 624 0
2 -624 0
h -45 38 -625 0
h 45 -38 -625 0
1 625 0
h -45 39 -626 0
h 45 -39 -626 0
1 626 0
h -45 40 -627 0
h 45 -40 -627 0
1 627 0
h -45 -41 628 0
h 45 41 628 0
2 -628 0
h -45 -42 629 0
h 45 42 629 0
1001 -629 0
h -45 -43 630 0
h 45 43 630 0
1001 -630 0
h -45 -44 631 0
h 45 44 631 0
1001 -631 0
h -46 -1 632 0
h 46 1 632 0
3000 -632 0
h -46 10 -633 0
h 46 -10 -633 0
2 633 0
h -46 -14 634 0
h 46 14 634 0
2 -634 0
h -46 15 -635 0
h 46 -15 -635 0
1 635 0
h -46 16 -636 0
h 46 -16 -636 0
1 636 0
h -46 17 -637 0
h 46 -17 -637 0
1 637 0
h -46 26 -638 0
h 46 -26 -638 0
2 638 0
h -46 -30 639 0
h 46 30 639 0
2 -639 0
h -46 31 -640 0
h 46 -31 -640 0
1 640 0
h -46 32 -641 0
h 46 -32 -641 0
1 641 0
h -46 33 -642 0
h 46 -33 -642 0
1 642 0
h -46 -34 643 0
h 46 34 643 0
2 -643 0
h -46 35 -644 0
h 46 -35 -644 0
1 644 0
h -46 36 -645 0
h 46 -36 -645 0
1 645 0
h -46 37 -646 0
h 46 -37 -646 0
1 646 0
h -46 -38 647 0
h 46 38 647 0
2 -647 0
h -46 39 -648 0
h 46 -39 -648 0
1 648 0
h -46 40 -649 0
h 46 -40 -649 0
1 649 0
h -46 41 -650 0
h 46 -41 -650 0
1 650 0
h -46 -42 651 0
h 46 42 651 0
4 -651 0
h -46 43 -652 0
h 46 -43 -652 0
2 652 0
h -46 44 -653 0
h 46 -44 -653 0
2 653 0
h -46 45 -654 0
h 46 -45 -654 0
2 654 0
h -47 -1 655 0
h 47 1 655 0
3000 -655 0
h -47 11 -656 0
h 47 -11 -656 0
2 656 0
h -47 14 -657 0
h 47 -14 -657 0
1 657 0
h -47 -15 658 0
h 47 15 658 0
2 -658 0
h -47 16 -659 0
h 47 -16 -659 0
1 659 0
h -47 17 -660 0
h 47 -17 -660 0
1 660 0
h -47 27 -661 0
h 47 -27 -661 0
2 661 0
h -47 30 -662 0
h 47 -30 -662 0
1 662 0
h -47 -31 663 0
h 47 31 663 0
2 -663 0
h -47 32 -664 0
h 47 -32 -664 0
1 664 0
h -47 33 -665 0
h 47 -33 -665 0
1 665 0
h -47 34 -666 0
h 47 -34 -666 0
1 666 0
h -47 -35 667 0
h 47 35 667 0
2 -667 0
h -47 36 -668 0
h 47 -36 -668 0
1 668 0
h -47 37 -669 0
h 47 -37 -669 0
1 669 0
h -47 38 -670 0
h 47 -38 -670 0
1 670 0
h -47 -39 671 0
h 47 39 671 0
2 -671 0
h -47 40 -672 0
h 47 -40 -672 0
1 672 0
h -47 41 -673 0
h 47 -41 -673 0
1 673 0
h -47 42 -674 0
h 47 -42 -674 0
2 674 0
h -47 -43 675 0
h 47 43 675 0
4 -675 0
h -47 44 -676 0
h 47 -44 -676 0
2 676 0
h -47 45 -677 0
h 47 -45 -677 0
2 677 0
h -47 -46 678 0
h 47 46 678 0
1001 -678 0
h -48 -1 679 0
h 48 1 679 0
3000 -679 0
h -48 12 -680 0
h 48 -12 -680 0
2 680 0
h -48 14 -681 0
h 48 -14 -681 0
1 681 0
h -48 15 -682 0
h 48 -15 -682 0
1 682 0
h -48 -16 683 0
h 48 16 683 0
2 -683 0
h -48 17 -684 0
h 48 -17 -684 0
1 684 0
h -48 28 -685 0
h 48 -28 -685 0
2 685 0
h -48 30 -686 0
h 48 -30 -686 0
1 686 0
h -48 31 -687 0
h 48 -31 -687 0
1 687 0
h -48 -32 688 0
h 48 32 688 0
2 -688 0
h -48 33 -689 0
h 48 -33 -689 0
1 689 0
h -48 34 -690 0
h 48 -34 -690 0
1 690 0
h -48 35 -691 0
h 48 -35 -691 0
1 691 0
h -48 -36 692 0
h 48 36 692 0
2 -692 0
h -48 37 -693 0
h 48 -37 -693 0
1 693 0
h -48 38 -694 0
h 48 -38 -694 0
1 694 0
h -48 39 -695 0
h 48 -39 -695 0
1 695 0
h -48 -40 696 0
h 48 40 696 0
2 -696 0
h -48 41 -697 0
h 48 -41 -697 0
1 697 0
h -48 42 -698 0
h 48 -42 -698 0
2 698 0
h -48 43 -699 0
h 48 -43 -699 0
2 699 0
h -48 -44 700 0
h 48 44 700 0
4 -700 0
h -48 45 -701 0
h 48 -45 -701 0
2 701 0
h -48 -46 702 0
h 48 46 702 0
1001 -702 0
h -48 -47 703 0
h 48 47 703 0
1001 -703 0
h -49 -1 704 0
h 49 1 704 0
3000 -704 0
h -49 13 -705 0
h 49 -13 -705 0
2 705 0
h -49 14 -706 0
h 49 -14 -706 0
1 706 0
h -49 15 -707 0
h 49 -15 -707 0
1 707 0
h -49 16 -708 0
h 49 -16 -708 0
1 708 0
h -49 -17 709 0
h 49 17 709 0
2 -709 0
h -49 29 -710 0
h 49 -29 -710 0
2 710 0
h -49 30 -711 0
h 49 -30 -711 0
1 711 0
h -49 31 -712 0
h 49 -31 -712 0
1 712 0
h -49 32 -713 0
h 49 -32 -713 0
1 713 0
h -49 -33 714 0
h 49 33 714 0
2 -714 0
h -49 34 -715 0
h 49 -34 -715 0
1 715 0
h -49 35 -716 0
h 49 -35 -716 0
1 716 0
h -49 36 -717 0
h 49 -36 -717 0
1 717 0
h -49 -37 718 0
h 49 37 718 0
2 -718 0
h -49 38 -719 0
h 49 -38 -719 0
1 719 0
h -49 39 -720 0
h 49 -39 -720 0
1 720 0
h -49 40 -721 0
h 49 -40 -721 0
1 721 0
h -49 -41 722 0
h 49 41 722 0
2 -722 0
h -49 42 -723 0
h 49 -42 -723 0
2 723 0
h -49 43 -724 0
h 49 -43 -724 0
2 724 0
h -49 44 -725 0
h 49 -44 -725 0
2 725 0
h -49 -45 726 0
h 49 45 726 0
4 -726 0
h -49 -46 727 0
h 49 46 727 0
1001 -727 0
h -49 -47 728 0
h 49 47 728 0
1001 -728 0
h -49 -48 729 0
h 49 48 729 0
1001 -729 0
h -50 -1 730 0
h 50 1 730 0
3000 -730 0
h -50 -2 731 0
h 50 2 731 0
2 -731 0
h -50 3 -732 0
h 50 -3 -732 0
1 732 0
h -50 4 -733 0
h 50 -4 -733 0
1 733 0
h -50 5 -734 0
h 50 -5 -734 0
1 734 0
h -50 6 -735 0
h 50 -6 -735 0
2 735 0
h -50 -18 736 0
h 50 18 736 0
2 -736 0
h -50 19 -737 0
h 50 -19 -737 0
1 737 0
h -50 20 -738 0
h 50 -20 -738 0
1 738 0
h -50 21 -739 0
h 50 -21 -739 0
1 739 0
h -50 22 -740 0
h 50 -22 -740 0
2 740 0
h -50 -34 741 0
h 50 34 741 0
4 -741 0
h -50 35 -742 0
h 50 -35 -742 0
2 742 0
h -50 36 -743 0
h 50 -36 -743 0
2 743 0
h -50 37 -744 0
h 50 -37 -744 0
2 744 0
h -50 42 -745 0
h 50 -42 -745 0
2 745 0
h -50 46 -746 0
h 50 -46 -746 0
2 746 0
h -51 -1 747 0
h 51 1 747 0
3000 -747 0
h -51 2 -748 0
h 51 -2 -748 0
1 748 0
h -51 -3 749 0
h 51 3 749 0
2 -749 0
h -51 4 -750 0
h 51 -4 -750 0
1 750 0
h -51 5 -751 0
h 51 -5 -751 0
1 751 0
h -51 7 -752 0
h 51 -7 -752 0
2 752 0
h -51 18 -753 0
h 51 -18 -753 0
1 753 0
h -51 -19 754 0
h 51 19 754 0
2 -754 0
h -51 20 -755 0
h 51 -20 -755 0
1 755 0
h -51 21 -756 0
h 51 -21 -756 0
1 756 0
h -51 23 -757 0
h 51 -23 -757 0
2 757 0
h -51 34 -758 0
h 51 -34 -758 0
2 758 0
h -51 -35 759 0
h 51 35 759 0
4 -759 0
h -51 36 -760 0
h 51 -36 -760 0
2 760 0
h -51 37 -761 0
h 51 -37 -761 0
2 761 0
h -51 43 -762 0
h 51 -43 -762 0
2 762 0
h -51 47 -763 0
h 51 -47 -763 0
2 763 0
h -51 -50 764 0
h 51 50 764 0
1001 -764 0
h -52 -1 765 0
h 52 1 765 0
3000 -765 0
h -52 2 -766 0
h 52 -2 -766 0
1 766 0
h -52 3 -767 0
h 52 -3 -767 0
1 767 0
h -52 -4 768 0
h 52 4 768 0
2 -768 0
h -52 5 -769 0
h 52 -5 -769 0
1 769 0
h -52 8 -770 0
h 52 -8 -770 0
2 770 0
h -52 18 -771 0
h 52 -18 -771 0
1 771 0
h -52 19 -772 0
h 52 -19 -772 0
1 772 0
h -52 -20 773 0
h 52 20 773 0
2 -773 0
h -52 21 -774 0
h 52 -21 -774 0
1 774 0
h -52 24 -775 0
h 52 -24 -775 0
2 775 0
h -52 34 -776 0
h 52 -34 -776 0
2 776 0
h -52 35 -777 0
h 52 -35 -777 0
2 777 0
h -52 -36 778 0
h 52 36 778 0
4 -778 0
h -52 37 -779 0
h 52 -37 -779 0
2 779 0
h -52 44 -780 0
h 52 -44 -780 0
2 780 0
h -52 48 -781 0
h 52 -48 -781 0
2 781 0
h -52 -50 782 0
h 52 50 782 0
1001 -782 0
h -52 -51 783 0
h 52 51 783 0
1001 -783 0
h -53 -1 784 0
h 53 1 784 0
3000 -784 0
h -53 2 -785 0
h 53 -2 -785 0
1 785 0
h -53 3 -786 0
h 53 -3 -786 0
1 786 0
h -53 4 -787 0
h 53 -4 -787 0
1 787 0
h -53 -5 788 0
h 53 5 788 0
2 -788 0
h -53 9 -789 0
h 53 -9 -789 0
2 789 0
h -53 18 -790 0
h 53 -18 -790 0
1 790 0
h -53 19 -791 0
h 53 -19 -791 0
1 791 0
h -53 20 -792 0
h 53 -20 -792 0
1 792 0
h -53 -21 793 0
h 53 21 793 0
2 -793 0
h -53 25 -794 0
h 53 -25 -794 0
2 794 0
h -53 34 -795 0
h 53 -34 -795 0
2 795 0
h -53 35 -796 0
h 53 -35 -796 0
2 796 0
h -53 36 -797 0
h 53 -36 -797 0
2 797 0
h -53 -37 798 0
h 53 37 798 0
4 -798 0
h -53 45 -799 0
h 53 -45 -799 0
2 799 0
h -53 49 -800 0
h 53 -49 -800 0
2 800 0
h -53 -50 801 0
h 53 50 801 0
1001 -801 0
h -53 -51 802 0
h 53 51 802 0
1001 -802 0
h -53 -52 803 0
h 53 52 803 0
1001 -803 0
h -54 -1 804 0
h 54 1 804 0
3000 -804 0
h -54 2 -805 0
h 54 -2 -805 0
2 805 0
h -54 -6 806 0
h 54 6 806 0
2 -806 0
h -54 7 -807 0
h 54 -7 -807 0
1 807 0
h -54 8 -808 0
h 54 -8 -808 0
1 808 0
h -54 9 -809 0
h 54 -9 -809 0
1 809 0
h -54 18 -810 0
h 54 -18 -810 0
2 810 0
h -54 -22 811 0
h 54 22 811 0
2 -811 0
h -54 23 -812 0
h 54 -23 -812 0
1 812 0
h -54 24 -813 0
h 54 -24 -813 0
1 813 0
h -54 25 -814 0
h 54 -25 -814 0
1 814 0
h -54 -38 815 0
h 54 38 815 0
4 -815 0
h -54 39 -816 0
h 54 -39 -816 0
2 816 0
h -54 40 -817 0
h 54 -40 -817 0
2 817 0
h -54 41 -818 0
h 54 -41 -818 0
2 818 0
h -54 42 -819 0
h 54 -42 -819 0
2 819 0
h -54 46 -820 0
h 54 -46 -820 0
2 820 0
h -54 -50 821 0
h 54 50 821 0
4 -821 0
h -54 51 -822 0
h 54 -51 -822 0
2 822 0
h -54 52 -823 0
h 54 -52 -823 0
2 823 0
h -54 53 -824 0
h 54 -53 -824 0
2 824 0
h -55 -1 825 0
h 55 1 825 0
3000 -825 0
h -55 3 -826 0
h 55 -3 -826 0
2 826 0
h -55 6 -827 0
h 55 -6 -827 0
1 827 0
h -55 -7 828 0
h 55 7 828 0
2 -828 0
h -55 8 -829 0
h 55 -8 -829 0
1 829 0
h -55 9 -830 0
h 55 -9 -830 0
1 830 0
h -55 19 -831 0
h 55 -19 -831 0
2 831 0
h -55 22 -832 0
h 55 -22 -832 0
1 832 0
h -55 -23 833 0
h 55 23 833 0
2 -833 0
h -55 24 -834 0
h 55 -24 -834 0
1 834 0
h -55 25 -835 0
h 55 -25 -835 0
1 835 0
h -55 38 -836 0
h 55 -38 -836 0
2 836 0
h -55 -39 837 0
h 55 39 837 0
4 -837 0
h -55 40 -838 0
h 55 -40 -838 0
2 838 0
h -55 41 -839 0
h 55 -41 -839 0
2 839 0
h -55 43 -840 0
h 55 -43 -840 0
2 840 0
h -55 47 -841 0
h 55 -47 -841 0
2 841 0
h -55 50 -842 0
h 55 -50 -842 0
2 842 0
h -55 -51 843 0
h 55 51 843 0
4 -843 0
h -55 52 -844 0
h 55 -52 -844 0
2 844 0
h -55 53 -845 0
h 55 -53 -845 0
2 845 0
h -55 -54 846 0
h 55 54 846 0
1001 -846 0
h -56 -1 847 0
h 56 1 847 0
3000 -847 0
h -56 4 -848 0
h 56 -4 -848 0
2 848 0
h -56 6 -849 0
h 56 -6 -849 0
1 849 0
h -56 7 -850 0
h 56 -7 -850 0
1 850 0
h -56 -8 851 0
h 56 8 851 0
2 -851 0
h -56 9 -852 0
h 56 -9 -852 0
1 852 0
h -56 20 -853 0
h 56 -20 -853 0
2 853 0
h -56 22 -854 0
h 56 -22 -854 0
1 854 0
h -56 23 -855 0
h 56 -23 -855 0
1 855 0
h -56 -24 856 0
h 56 24 856 0
2 -856 0
h -56 25 -857 0
h 56 -25 -857 0
1 857 0
h -56 38 -858 0
h 56 -38 -858 0
2 858 0
h -56 39 -859 0
h 56 -39 -859 0
2 859 0
h -56 -40 860 0
h 56 40 860 0
4 -860 0
h -56 41 -861 0
h 56 -41 -861 0
2 861 0
h -56 44 -862 0
h 56 -44 -862 0
2 862 0
h -56 48 -863 0
h 56 -48 -863 0
2 863 0
h -56 50 -864 0
h 56 -50 -864 0
2 864 0
h -56 51 -865 0
h 56 -51 -865 0
2 865 0
h -56 -52 866 0
h 56 52 866 0
4 -866 0
h -56 53 -867 0
h 56 -53 -867 0
2 867 0
h -56 -54 868 0
h 56 54 868 0
1001 -868 0
h -56 -55 869 0
h 56 55 869 0
1001 -869 0
h -57 -1 870 0
h 57 1 870 0
3000 -870 0
h -57 5 -871 0
h 57 -5 -871 0
2 871 0
h -57 6 -872 0
h 57 -6 -872 0
1 872 0
h -57 7 -873 0
h 57 -7 -873 0
1 873 0
h -57 8 -874 0
h 57 -8 -874 0
1 874 0
h -57 -9 875 0
h 57 9 875 0
2 -875 0
h -57 21 -876 0
h 57 -21 -876 0
2 876 0
h -57 22 -877 0
h 57 -22 -877 0
1 877 0
h -57 23 -878 0
h 57 -23 -878 0
1 878 0
h -57 24 -879 0
h 57 -24 -879 0
1 879 0
h -57 -25 880 0
h 57 25 880 0
2 -880 0
h -57 38 -881 0
h 57 -38 -881 0
2 881 0
h -57 39 -882 0
h 57 -39 -882 0
2 882 0
h -57 40 -883 0
h 57 -40 -883 0
2 883 0
h -57 -41 884 0
h 57 41 884 0
4 -884 0
h -57 45 -885 0
h 57 -45 -885 0
2 885 0
h -57 49 -886 0
h 57 -49 -886 0
2 886 0
h -57 50 -887 0
h 57 -50 -887 0
2 887 0
h -57 51 -888 0
h 57 -51 -888 0
2 888 0
h -57 52 -889 0
h 57 -52 -889 0
2 889 0
h -57 -53 890 0
h 57 53 890 0
4 -890 0
h -57 -54 891 0
h 57 54 891 0
1001 -891 0
h -57 -55 892 0
h 57 55 892 0
1001 -892 0
h -57 -56 893 0
h 57 56 893 0
1001 -893 0
h -58 -1 894 0
h 58 1 894 0
3000 -894 0
h -58 -10 895 0
h 58 10 895 0
2 -895 0
h -58 11 -896 0
h 58 -11 -896 0
1 896 0
h -58 12 -897 0
h 58 -12 -897 0
1 897 0
h -58 13 -898 0
h 58 -13 -898 0
1 898 0
h -58 14 -899 0
h 58 -14 -899 0
2 899 0
h -58 -26 900 0
h 58 26 900 0
2 -900 0
h -58 27 -901 0
h 58 -27 -901 0
1 901 0
h -58 28 -902 0
h 58 -28 -902 0
1 902 0
h -58 29 -903 0
h 58 -29 -903 0
1 903 0
h -58 30 -904 0
h 58 -30 -904 0
2 904 0
h -58 34 -905 0
h 58 -34 -905 0
2 905 0
h -58 38 -906 0
h 58 -38 -906 0
2 906 0
h -58 -42 907 0
h 58 42 907 0
4 -907 0
h -58 43 -908 0
h 58 -43 -908 0
2 908 0
h -58 44 -909 0
h 58 -44 -909 0
2 909 0
h -58 45 -910 0
h 58 -45 -910 0
2 910 0
h -58 -50 911 0
h 58 50 911 0
2 -911 0
h -58 51 -912 0
h 58 -51 -912 0
1 912 0
h -58 52 -913 0
h 58 -52 -913 0
1 913 0
h -58 53 -914 0
h 58 -53 -914 0
1 914 0
h -58 -54 915 0
h 58 54 915 0
2 -915 0
h -58 55 -916 0
h 58 -55 -916 0
1 916 0
h -58 56 -917 0
h 58 -56 -917 0
1 917 0
h -58 57 -918 0
h 58 -57 -918 0
1 918 0
h -59 -1 919 0
h 59 1 919 0
3000 -919 0
h -59 10 -920 0
h 59 -10 -920 0
1 920 0
h -59 -11 921 0
h 59 11 921 0
2 -921 0
h -59 12 -922 0
h 59 -12 -922 0
1 922 0
h -59 13 -923 0
h 59 -13 -923 0
1 923 0
h -59 15 -924 0
h 59 -15 -924 0
2 924 0
h -59 26 -925 0
h 59 -26 -925 0
1 925 0
h -59 -27 926 0
h 59 27 926 0
2 -926 0
h -59 28 -927 0
h 59 -28 -927 0
1 927 0
h -59 29 -928 0
h 59 -29 -928 0
1 928 0
h -59 31 -929 0
h 59 -31 -929 0
2 929 0
h -59 35 -930 0
h 59 -35 -930 0
2 930 0
h -59 39 -931 0
h 59 -39 -931 0
2 931 0
h -59 42 -932 0
h 59 -42 -932 0
2 932 0
h -59 -43 933 0
h 59 43 933 0
4 -933 0
h -59 44 -934 0
h 59 -44 -934 0
2 934 0
h -59 45 -935 0
h 59 -45 -935 0
2 935 0
h -59 50 -936 0
h 59 -50 -936 0
1 936 0
h -59 -51 937 0
h 59 51 937 0
2 -937 0
h -59 52 -938 0
h 59 -52 -938 0
1 938 0
h -59 53 -939 0
h 59 -53 -939 0
1 939 0
h -59 54 -940 0
h 59 -54 -940 0
1 940 0
h -59 -55 941 0
h 59 55 941 0
2 -941 0
h -59 56 -942 0
h 59 -56 -942 0
1 942 0
h -59 57 -943 0
h 59 -57 -943 0
1 943 0
h -59 -58 944 0
h 59 58 944 0
1001 -944 0
h -60 -1 945 0
h 60 1 945 0
3000 -945 0
h -60 10 -946 0
h 60 -10 -946 0
1 946 0
h -60 11 -947 0
h 60 -11 -947 0
1 947 0
h -60 -12 948 0
h 60 12 948 0
2 -948 0
h -60 13 -949 0
h 60 -13 -949 0
1 949 0
h -60 16 -950 0
h 60 -16 -950 0
2 950 0
h -60 26 -951 0
h 60 -26 -951 0
1 951 0
h -60 27 -952 0
h 60 -27 -952 0
1 952 0
h -60 -28 953 0
h 60 28 953 0
2 -953 0
h -60 29 -954 0
h 60 -29 -954 0
1 954 0
h -60 32 -955 0
h 60 -32 -955 0
2 955 0
h -60 36 -956 0
h 60 -36 -956 0
2 956 0
h -60 40 -957 0
h 60 -40 -957 0
2 957 0
h -60 42 -958 0
h 60 -42 -958 0
2 958 0
h -60 43 -959 0
h 60 -43 -959 0
2 959 0
h -60 -44 960 0
h 60 44 960 0
4 -960 0
h -60 45 -961 0
h 60 -45 -961 0
2 961 0
h -60 50 -962 0
h 60 -50 -962 0
1 962 0
h -60 51 -963 0
h 60 -51 -963 0
1 963 0
h -60 -52 964 0
h 60 52 964 0
2 -964 0
h -60 53 -965 0
h 60 -53 -965 0
1 965 0
h -60 54 -966 0
h 60 -54 -966 0
1 966 0
h -60 55 -967 0
h 60 -55 -967 0
1 967 0
h -60 -56 968 0
h 60 56 968 0
2 -968 0
h -60 57 -969 0
h 60 -57 -969 0
1 969 0
h -60 -58 970 0
h 60 58 970 0
1001 -970 0
h -60 -59 971 0
h 60 59 971 0
1001 -971 0
h -61 -1 972 0
h 61 1 972 0
3000 -972 0
h -61 10 -973 0
h 61 -10 -973 0
1 973 0
h -61 11 -974 0
h 61 -11 -974 0
1 974 0
h -61 12 -975 0
h 61 -12 -975 0
1 975 0
h -61 -13 976 0
h 61 13 976 0
2 -976 0
h -61 17 -977 0
h 61 -17 -977 0
2 977 0
h -61 26 -978 0
h 61 -26 -978 0
1 978 0
h -61 27 -979 0
h 61 -27 -979 0
1 979 0
h -61 28 -980 0
h 61 -28 -980 0
1 980 0
h -61 -29 981 0
h 61 29 981 0
2 -981 0
h -61 33 -982 0
h 61 -33 -982 0
2 982 0
h -61 37 -983 0
h 61 -37 -983 0
2 983 0
h -61 41 -984 0
h 61 -41 -984 0
2 984 0
h -61 42 -985 0
h 61 -42 -985 0
2 985 0
h -61 43 -986 0
h 61 -43 -986 0
2 986 0
h -61 44 -987 0
h 61 -44 -987 0
2 987 0
h -61 -45 988 0
h 61 45 988 0
4 -988 0
h -61 50 -989 0
h 61 -50 -989 0
1 989 0
h -61 51 -990 0
h 61 -51 -990 0
1 990 0
h -61 52 -991 0
h 61 -52 -991 0
1 991 0
h -61 -53 992 0
h 61 53 992 0
2 -992 0
h -61 54 -993 0
h 61 -54 -993 0
1 993 0
h -61 55 -994 0
h 61 -55 -994 0
1 994 0
h -61 56 -995 0
h 61 -56 -995 0
1 995 0
h -61 -57 996 0
h 61 57 996 0
2 -996 0
h -61 -58 997 0
h 61 58 997 0
1001 -997 0
h -61 -59 998 0
h 61 59 998 0
1001 -998 0
h -61 -60 999 0
h 61 60 999 0
1001 -999 0
h -62 -1 1000 0
h 62 1 1000 0
3000 -1000 0
h -62 10 -1001 0
h 62 -10 -1001 0
2 1001 0
h -62 -14 1002 0
h 62 14 1002 0
2 -1002 0
h -62 15 -1003 0
h 62 -15 -1003 0
1 1003 0
h -62 16 -1004 0
h 62 -16 -1004 0
1 1004 0
h -62 17 -1005 0
h 62 -17 -1005 0
1 1005 0
h -62 26 -1006 0
h 62 -26 -1006 0
2 1006 0
h -62 -30 1007 0
h 62 30 1007 0
2 -1007 0
h -62 31 -1008 0
h 62 -31 -1008 0
1 1008 0
h -62 32 -1009 0
h 62 -32 -1009 0
1 1009 0
h -62 33 -1010 0
h 62 -33 -1010 0
1 1010 0
h -62 34 -1011 0
h 62 -34 -1011 0
2 1011 0
h -62 38 -1012 0
h 62 -38 -1012 0
2 1012 0
h -62 -46 1013 0
h 62 46 1013 0
4 -1013 0
h -62 47 -1014 0
h 62 -47 -1014 0
2 1014 0
h -62 48 -1015 0
h 62 -48 -1015 0
2 1015 0
h -62 49 -1016 0
h 62 -49 -1016 0
2 1016 0
h -62 -50 1017 0
h 62 50 1017 0
2 -1017 0
h -62 51 -1018 0
h 62 -51 -1018 0
1 1018 0
h -62 52 -1019 0
h 62 -52 -1019 0
1 1019 0
h -62 53 -1020 0
h 62 -53 -1020 0
1 1020 0
h -62 -54 1021 0
h 62 54 1021 0
2 -1021 0
h -62 55 -1022 0
h 62 -55 -1022 0
1 1022 0
h -62 56 -1023 0
h 62 -56 -1023 0
1 1023 0
h -62 57 -1024 0
h 62 -57 -1024 0
1 1024 0
h -62 -58 1025 0
h 62 58 1025 0
4 -1025 0
h -62 59 -1026 0
h 62 -59 -1026 0
2 1026 0
h -62 60 -1027 0
h 62 -60 -1027 0
2 1027 0
h -62 61 -1028 0
h 62 -61 -1028 0
2 1028 0
h -63 -1 1029 0
h 63 1 1029 0
3000 -1029 0
h -63 11 -1030 0
h 63 -11 -1030 0
2 1030 0
h -63 14 -1031 0
h 63 -14 -1031 0
1 1031 0
h -63 -15 1032 0
h 63 15 1032 0
2 -1032 0
h -63 16 -1033 0
h 63 -16 -1033 0
1 1033 0
h -63 17 -1034 0
h 63 -17 -1034 0
1 1034 0
h -63 27 -1035 0
h 63 -27 -1035 0
2 1035 0
h -63 30 -1036 0
h 63 -30 -1036 0
1 1036 0
h -63 -31 1037 0
h 63 31 1037 0
2 -1037 0
h -63 32 -1038 0
h 63 -32 -1038 0
1 1038 0
h -63 33 -1039 0
h 63 -33 -1039 0
1 1039 0
h -63 35 -1040 0
h 63 -35 -1040 0
2 1040 0
h -63 39 -1041 0
h 63 -39 -1041 0
2 1041 0
h -63 46 -1042 0
h 63 -46 -1042 0
2 1042 0
h -63 -47 1043 0
h 63 47 1043 0
4 -1043 0
h -63 48 -1044 0
h 63 -48 -1044 0
2 1044 0
h -63 49 -1045 0
h 63 -49 -1045 0
2 1045 0
h -63 50 -1046 0
h 63 -50 -1046 0
1 1046 0
h -63 -51 1047 0
h 63 51 1047 0
2 -1047 0
h -63 52 -1048 0
h 63 -52 -1048 0
1 1048 0
h -63 53 -1049 0
h 63 -53 -1049 0
1 1049 0
h -63 54 -1050 0
h 63 -54 -1050 0
1 1050 0
h -63 -55 1051 0
h 63 55 1051 0
2 -1051 0
h -63 56 -1052 0
h 63 -56 -1052 0
1 1052 0
h -63 57 -1053 0
h 63 -57 -1053 0
1 1053 0
h -63 58 -1054 0
h 63 -58 -1054 0
2 1054 0
h -63 -59 1055 0
h 63 59 1055 0
4 -1055 0
h -63 60 -1056 0
h 63 -60 -1056 0
2 1056 0
h -63 61 -1057 0
h 63 -61 -1057 0
2 1057 0
h -63 -62 1058 0
h 63 62 1058 0
1001 -1058 0
h -64 -1 1059 0
h 64 1 1059 0
3000 -1059 0
h -64 12 -1060 0
h 64 -12 -1060 0
2 1060 0
h -64 14 -1061 0
h 64 -14 -1061 0
1 1061 0
h -64 15 -1062 0
h 64 -15 -1062 0
1 1062 0
h -64 -16 1063 0
h 64 16 1063 0
2 -1063 0
h -64 17 -1064 0
h 64 -17 -1064 0
1 1064 0
h -64 28 -1065 0
h 64 -28 -1065 0
2 1065 0
h -64 30 -1066 0
h 64 -30 -1066 0
1 1066 0
h -64 31 -1067 0
h 64 -31 -1067 0
1 1067 0
h -64 -32 1068 0
h 64 32 1068 0
2 -1068 0
h -64 33 -1069 0
h 64 -33 -1069 0
1 1069 0
h -64 36 -1070 0
h 64 -36 -1070 0
2 1070 0
h -64 40 -1071 0
h 64 -40 -1071 0
2 1071 0
h -64 46 -1072 0
h 64 -46 -1072 0
2 1072 0
h -64 47 -1073 0
h 64 -47 -1073 0
2 1073 0
h -64 -48 1074 0
h 64 48 1074 0
4 -1074 0
h -64 49 -1075 0
h 64 -49 -1075 0
2 1075 0
h -64 50 -1076 0
h 64 -50 -1076 0
1 1076 0
h -64 51 -1077 0
h 64 -51 -1077 0
1 1077 0
h -64 -52 1078 0
h 64 52 1078 0
2 -1078 0
h -64 53 -1079 0
h 64 -53 -1079 0
1 1079 0
h -64 54 -1080 0
h 64 -54 -1080 0
1 1080 0
h -64 55 -1081 0
h 64 -55 -1081 0
1 1081 0
h -64 -56 1082 0
h 64 56 1082 0
2 -1082 0
h -64 57 -1083 0
h 64 -57 -1083 0
1 1083 0
h -64 58 -1084 0
h 64 -58 -1084 0
2 1084 0
h -64 59 -1085 0
h 64 -59 -1085 0
2 1085 0
h -64 -60 1086 0
h 64 60 1086 0
4 -1086 0
h -64 61 -1087 0
h 64 -61 -1087 0
2 1087 0
h -64 -62 1088 0
h 64 62 1088 0
1001 -1088 0
h -64 -63 1089 0
h 64 63 1089 0
1001 -1089 0
h -65 -1 1090 0
h 65 1 1090 0
3000 -1090 0
h -65 13 -1091 0
h 65 -13 -1091 0
2 1091 0
h -65 14 -1092 0
h 65 -14 -1092 0
1 1092 0
h -65 15 -1093 0
h 65 -15 -1093 0
1 1093 0
h -65 16 -1094 0
h 65 -16 -1094 0
1 1094 0
h -65 -17 1095 0
h 65 17 1095 0
2 -1095 0
h -65 29 -1096 0
h 65 -29 -1096 0
2 1096 0
h -65 30 -1097 0
h 65 -30 -1097 0
1 1097 0
h -65 31 -1098 0
h 65 -31 -1098 0
1 1098 0
h -65 32 -1099 0
h 65 -32 -1099 0
1 1099 0
h -65 -33 1100 0
h 65 33 1100 0
2 -1100 0
h -65 37 -1101 0
h 65 -37 -1101 0
2 1101 0
h -65 41 -1102 0
h 65 -41 -1102 0
2 1102 0
h -65 46 -1103 0
h 65 -46 -1103 0
2 1103 0
h -65 47 -1104 0
h 65 -47 -1104 0
2 1104 0
h -65 48 -1105 0
h 65 -48 -1105 0
2 1105 0
h -65 -49 1106 0
h 65 49 1106 0
4 -1106 0
h -65 50 -1107 0
h 65 -50 -1107 0
1 1107 0
h -65 51 -1108 0
h 65 -51 -1108 0
1 1108 0
h -65 52 -1109 0
h 65 -52 -1109 0
1 1109 0
h -65 -53 1110 0
h 65 53 1110 0
2 -1110 0
h -65 54 -1111 0
h 65 -54 -1111 0
1 1111 0
h -65 55 -1112 0
h 65 -55 -1112 0
1 1112 0
h -65 56 -1113 0
h 65 -56 -1113 0
1 1113 0
h -65 -57 1114 0
h 65 57 1114 0
2 -1114 0
h -65 58 -1115 0
h 65 -58 -1115 0
2 1115 0
h -65 59 -1116 0
h 65 -59 -1116 0
2 1116 0
h -65 60 -1117 0
h 65 -60 -1117 0
2 1117 0
h -65 -61 1118 0
h 65 61 1118 0
4 -1118 0
h -65 -62 1119 0
h 65 62 1119 0
1001 -1119 0
h -65 -63 1120 0
h 65 63 1120 0
1001 -1120 0
h -65 -64 1121 0
h 65 64 1121 0
1001 -1121 0
