h 1 0
h -3 -2 66 0
h 3 2 66 0
1 -66 0
h -4 -2 67 0
h 4 2 67 0
1 -67 0
h -4 -3 68 0
h 4 3 68 0
1 -68 0
h -5 -2 69 0
h 5 2 69 0
1 -69 0
h -5 -3 70 0
h 5 3 70 0
1 -70 0
h -5 -4 71 0
h 5 4 71 0
1 -71 0
h -6 -2 72 0
h 6 2 72 0
4 -72 0
h -6 3 -73 0
h 6 -3 -73 0
2 73 0
h -6 4 -74 0
h 6 -4 -74 0
2 74 0
h -6 5 -75 0
h 6 -5 -75 0
2 75 0
h -7 2 -76 0
h 7 -2 -76 0
2 76 0
h -7 -3 77 0
h 7 3 77 0
4 -77 0
h -7 4 -78 0
h 7 -4 -78 0
2 78 0
h -7 5 -79 0
h 7 -5 -79 0
2 79 0
h -7 -6 80 0
h 7 6 80 0
1 -80 0
h -8 2 -81 0
h 8 -2 -81 0
2 81 0
h -8 3 -82 0
h 8 -3 -82 0
2 82 0
h -8 -4 83 0
h 8 4 83 0
4 -83 0
h -8 5 -84 0
h 8 -5 -84 0
2 84 0
h -8 -6 85 0
h 8 6 85 0
1 -85 0
h -8 -7 86 0
h 8 7 86 0
1 -86 0
h -9 2 -87 0
h 9 -2 -87 0
2 87 0
h -9 3 -88 0
h 9 -3 -88 0
2 88 0
h -9 4 -89 0
h 9 -4 -89 0
2 89 0
h -9 -5 90 0
h 9 5 90 0
4 -90 0
h -9 -6 91 0
h 9 6 91 0
1 -91 0
h -9 -7 92 0
h 9 7 92 0
1 -92 0
h -9 -8 93 0
h 9 8 93 0
1 -93 0
h -10 -2 94 0
h 10 2 94 0
2 -94 0
h -10 3 -95 0
h 10 -3 -95 0
1 95 0
h -10 4 -96 0
h 10 -4 -96 0
1 96 0
h -10 5 -97 0
h 10 -5 -97 0
1 97 0
h -10 -6 98 0
h 10 6 98 0
2 -98 0
h -10 7 -99 0
h 10 -7 -99 0
1 99 0
h -10 8 -100 0
h 10 -8 -100 0
1 100 0
h -10 9 -101 0
h 10 -9 -101 0
1 101 0
h -11 2 -102 0
h 11 -2 -102 0
1 102 0
h -11 -3 103 0
h 11 3 103 0
2 -103 0
h -11 4 -104 0
h 11 -4 -104 0
1 104 0
h -11 5 -105 0
h 11 -5 -105 0
1 105 0
h -11 6 -106 0
h 11 -6 -106 0
1 106 0
h -11 -7 107 0
h 11 7 107 0
2 -107 0
h -11 8 -108 0
h 11 -8 -108 0
1 108 0
h -11 9 -109 0
h 11 -9 -109 0
1 109 0
h -11 -10 110 0
h 11 10 110 0
1 -110 0
h -12 2 -111 0
h 12 -2 -111 0
1 111 0
h -12 3 -112 0
h 12 -3 -112 0
1 112 0
h -12 -4 113 0
h 12 4 113 0
2 -113 0
h -12 5 -114 0
h 12 -5 -114 0
1 114 0
h -12 6 -115 0
h 12 -6 -115 0
1 115 0
h -12 7 -116 0
h 12 -7 -116 0
1 116 0
h -12 -8 117 0
h 12 8 117 0
2 -117 0
h -12 9 -118 0
h 12 -9 -118 0
1 118 0
h -12 -10 119 0
h 12 10 119 0
1 -119 0
h -12 -11 120 0
h 12 11 120 0
1 -120 0
h -13 2 -121 0
h 13 -2 -121 0
1 121 0
h -13 3 -122 0
h 13 -3 -122 0
1 122 0
h -13 4 -123 0
h 13 -4 -123 0
1 123 0
h -13 -5 124 0
h 13 5 124 0
2 -124 0
h -13 6 -125 0
h 13 -6 -125 0
1 125 0
h -13 7 -126 0
h 13 -7 -126 0
1 126 0
h -13 8 -127 0
h 13 -8 -127 0
1 127 0
h -13 -9 128 0
h 13 9 128 0
2 -128 0
h -13 -10 129 0
h 13 10 129 0
1 -129 0
h -13 -11 130 0
h 13 11 130 0
1 -130 0
h -13 -12 131 0
h 13 12 131 0
1 -131 0
h -14 -2 132 0
h 14 2 132 0
2 -132 0
h -14 3 -133 0
h 14 -3 -133 0
1 133 0
h -14 4 -134 0
h 14 -4 -134 0
1 134 0
h -14 5 -135 0
h 14 -5 -135 0
1 135 0
h -14 -6 136 0
h 14 6 136 0
2 -136 0
h -14 7 -137 0
h 14 -7 -137 0
1 137 0
h -14 8 -138 0
h 14 -8 -138 0
1 138 0
h -14 9 -139 0
h 14 -9 -139 0
1 139 0
h -14 -10 140 0
h 14 10 140 0
4 -140 0
h -14 11 -141 0
h 14 -11 -141 0
2 141 0
h -14 12 -142 0
h 14 -12 -142 0
2 142 0
h -14 13 -143 0
h 14 -13 -143 0
2 143 0
h -15 2 -144 0
h 15 -2 -144 0
1 144 0
h -15 -3 145 0
h 15 3 145 0
2 -145 0
h -15 4 -146 0
h 15 -4 -146 0
1 146 0
h -15 5 -147 0
h 15 -5 -147 0
1 147 0
h -15 6 -148 0
h 15 -6 -148 0
1 148 0
h -15 -7 149 0
h 15 7 149 0
2 -149 0
h -15 8 -150 0
h 15 -8 -150 0
1 150 0
h -15 9 -151 0
h 15 -9 -151 0
1 151 0
h -15 10 -152 0
h 15 -10 -152 0
2 152 0
h -15 -11 153 0
h 15 11 153 0
4 -153 0
h -15 12 -154 0
h 15 -12 -154 0
2 154 0
h -15 13 -155 0
h 15 -13 -155 0
2 155 0
h -15 -14 156 0
h 15 14 156 0
2 -156 0
h -16 2 -157 0
h 16 -2 -157 0
1 157 0
h -16 3 -158 0
h 16 -3 -158 0
1 158 0
h -16 -4 159 0
h 16 4 159 0
2 -159 0
h -16 5 -160 0
h 16 -5 -160 0
1 160 0
h -16 6 -161 0
h 16 -6 -161 0
1 161 0
h -16 7 -162 0
h 16 -7 -162 0
1 162 0
h -16 -8 163 0
h 16 8 163 0
2 -163 0
h -16 9 -164 0
h 16 -9 -164 0
1 164 0
h -16 10 -165 0
h 16 -10 -165 0
2 165 0
h -16 11 -166 0
h 16 -11 -166 0
2 166 0
h -16 -12 167 0
h 16 12 167 0
4 -167 0
h -16 13 -168 0
h 16 -13 -168 0
2 168 0
h -16 -14 169 0
h 16 14 169 0
1 -169 0
h -16 -15 170 0
h 16 15 170 0
1 -170 0
h -17 2 -171 0
h 17 -2 -171 0
1 171 0
h -17 3 -172 0
h 17 -3 -172 0
1 172 0
h -17 4 -173 0
h 17 -4 -173 0
1 173 0
h -17 -5 174 0
h 17 5 174 0
2 -174 0
h -17 6 -175 0
h 17 -6 -175 0
1 175 0
h -17 7 -176 0
h 17 -7 -176 0
1 176 0
h -17 8 -177 0
h 17 -8 -177 0
1 177 0
h -17 -9 178 0
h 17 9 178 0
2 -178 0
h -17 10 -179 0
h 17 -10 -179 0
2 179 0
h -17 11 -180 0
h 17 -11 -180 0
2 180 0
h -17 12 -181 0
h 17 -12 -181 0
2 181 0
h -17 -13 182 0
h 17 13 182 0
4 -182 0
h -17 -14 183 0
h 17 14 183 0
1 -183 0
h -17 -15 184 0
h 17 15 184 0
1 -184 0
h -17 -16 185 0
h 17 16 185 0
1 -185 0
h -18 -2 186 0
h 18 2 186 0
4 -186 0
h -18 3 -187 0
h 18 -3 -187 0
2 187 0
h -18 4 -188 0
h 18 -4 -188 0
2 188 0
h -18 5 -189 0
h 18 -5 -189 0
2 189 0
h -18 10 -190 0
h 18 -10 -190 0
2 190 0
h -18 14 -191 0
h 18 -14 -191 0
2 191 0
h -19 2 -192 0
h 19 -2 -192 0
2 192 0
h -19 -3 193 0
h 19 3 193 0
4 -193 0
h -19 4 -194 0
h 19 -4 -194 0
2 194 0
h -19 5 -195 0
h 19 -5 -195 0
2 195 0
h -19 11 -196 0
h 19 -11 -196 0
2 196 0
h -19 15 -197 0
h 19 -15 -197 0
2 197 0
h -19 -18 198 0
h 19 18 198 0
2 -198 0
h -20 2 -199 0
h 20 -2 -199 0
2 199 0
h -20 3 -200 0
h 20 -3 -200 0
2 200 0
h -20 -4 201 0
h 20 4 201 0
4 -201 0
h -20 5 -202 0
h 20 -5 -202 0
2 202 0
h -20 12 -203 0
h 20 -12 -203 0
2 203 0
h -20 16 -204 0
h 20 -16 -204 0
2 204 0
h -20 -18 205 0
h 20 18 205 0
1 -205 0
h -20 -19 206 0
h 20 19 206 0
1 -206 0
h -21 2 -207 0
h 21 -2 -207 0
2 207 0
h -21 3 -208 0
h 21 -3 -208 0
2 208 0
h -21 4 -209 0
h 21 -4 -209 0
2 209 0
h -21 -5 210 0
h 21 5 210 0
4 -210 0
h -21 13 -211 0
h 21 -13 -211 0
2 211 0
h -21 17 -212 0
h 21 -17 -212 0
2 212 0
h -21 -18 213 0
h 21 18 213 0
1 -213 0
h -21 -19 214 0
h 21 19 214 0
1 -214 0
h -21 -20 215 0
h 21 20 215 0
1 -215 0
h -22 -6 216 0
h 22 6 216 0
4 -216 0
h -22 7 -217 0
h 22 -7 -217 0
2 217 0
h -22 8 -218 0
h 22 -8 -218 0
2 218 0
h -22 9 -219 0
h 22 -9 -219 0
2 219 0
h -22 10 -220 0
h 22 -10 -220 0
2 220 0
h -22 14 -221 0
h 22 -14 -221 0
2 221 0
h -22 -18 222 0
h 22 18 222 0
4 -222 0
h -22 19 -223 0
h 22 -19 -223 0
2 223 0
h -22 20 -224 0
h 22 -20 -224 0
2 224 0
h -22 21 -225 0
h 22 -21 -225 0
2 225 0
h -23 6 -226 0
h 23 -6 -226 0
2 226 0
h -23 -7 227 0
h 23 7 227 0
4 -227 0
h -23 8 -228 0
h 23 -8 -228 0
2 228 0
h -23 9 -229 0
h 23 -9 -229 0
2 229 0
h -23 11 -230 0
h 23 -11 -230 0
2 230 0
h -23 15 -231 0
h 23 -15 -231 0
2 231 0
h -23 18 -232 0
h 23 -18 -232 0
2 232 0
h -23 -19 233 0
h 23 19 233 0
4 -233 0
h -23 20 -234 0
h 23 -20 -234 0
2 234 0
h -23 21 -235 0
h 23 -21 -235 0
2 235 0
h -23 -22 236 0
h 23 22 236 0
2 -236 0
h -24 6 -237 0
h 24 -6 -237 0
2 237 0
h -24 7 -238 0
h 24 -7 -238 0
2 238 0
h -24 -8 239 0
h 24 8 239 0
4 -239 0
h -24 9 -240 0
h 24 -9 -240 0
2 240 0
h -24 12 -241 0
h 24 -12 -241 0
2 241 0
h -24 16 -242 0
h 24 -16 -242 0
2 242 0
h -24 18 -243 0
h 24 -18 -243 0
2 243 0
h -24 19 -244 0
h 24 -19 -244 0
2 244 0
h -24 -20 245 0
h 24 20 245 0
4 -245 0
h -24 21 -246 0
h 24 -21 -246 0
2 246 0
h -24 -22 247 0
h 24 22 247 0
1 -247 0
h -24 -23 248 0
h 24 23 248 0
1 -248 0
h -25 6 -249 0
h 25 -6 -249 0
2 249 0
h -25 7 -250 0
h 25 -7 -250 0
2 250 0
h -25 8 -251 0
h 25 -8 -251 0
2 251 0
h -25 -9 252 0
h 25 9 252 0
4 -252 0
h -25 13 -253 0
h 25 -13 -253 0
2 253 0
h -25 17 -254 0
h 25 -17 -254 0
2 254 0
h -25 18 -255 0
h 25 -18 -255 0
2 255 0
h -25 19 -256 0
h 25 -19 -256 0
2 256 0
h -25 20 -257 0
h 25 -20 -257 0
2 257 0
h -25 -21 258 0
h 25 21 258 0
4 -258 0
h -25 -22 259 0
h 25 22 259 0
1 -259 0
h -25 -23 260 0
h 25 23 260 0
1 -260 0
h -25 -24 261 0
h 25 24 261 0
1 -261 0
h -26 2 -262 0
h 26 -2 -262 0
2 262 0
h -26 6 -263 0
h 26 -6 -263 0
2 263 0
h -26 -10 264 0
h 26 10 264 0
4 -264 0
h -26 11 -265 0
h 26 -11 -265 0
2 265 0
h -26 12 -266 0
h 26 -12 -266 0
2 266 0
h -26 13 -267 0
h 26 -13 -267 0
2 267 0
h -26 -18 268 0
h 26 18 268 0
2 -268 0
h -26 19 -269 0
h 26 -19 -269 0
1 269 0
h -26 20 -270 0
h 26 -20 -270 0
1 270 0
h -26 21 -271 0
h 26 -21 -271 0
1 271 0
h -26 -22 272 0
h 26 22 272 0
2 -272 0
h -26 23 -273 0
h 26 -23 -273 0
1 273 0
h -26 24 -274 0
h 26 -24 -274 0
1 274 0
h -26 25 -275 0
h 26 -25 -275 0
1 275 0
h -27 3 -276 0
h 27 -3 -276 0
2 276 0
h -27 7 -277 0
h 27 -7 -277 0
2 277 0
h -27 10 -278 0
h 27 -10 -278 0
2 278 0
h -27 -11 279 0
h 27 11 279 0
4 -279 0
h -27 12 -280 0
h 27 -12 -280 0
2 280 0
h -27 13 -281 0
h 27 -13 -281 0
2 281 0
h -27 18 -282 0
h 27 -18 -282 0
1 282 0
h -27 -19 283 0
h 27 19 283 0
2 -283 0
h -27 20 -284 0
h 27 -20 -284 0
1 284 0
h -27 21 -285 0
h 27 -21 -285 0
1 285 0
h -27 22 -286 0
h 27 -22 -286 0
1 286 0
h -27 -23 287 0
h 27 23 287 0
2 -287 0
h -27 24 -288 0
h 27 -24 -288 0
1 288 0
h -27 25 -289 0
h 27 -25 -289 0
1 289 0
h -27 -26 290 0
h 27 26 290 0
1 -290 0
h -28 4 -291 0
h 28 -4 -291 0
2 291 0
h -28 8 -292 0
h 28 -8 -292 0
2 292 0
h -28 10 -293 0
h 28 -10 -293 0
2 293 0
h -28 11 -294 0
h 28 -11 -294 0
2 294 0
h -28 -12 295 0
h 28 12 295 0
4 -295 0
h -28 13 -296 0
h 28 -13 -296 0
2 296 0
h -28 18 -297 0
h 28 -18 -297 0
1 297 0
h -28 19 -298 0
h 28 -19 -298 0
1 298 0
h -28 -20 299 0
h 28 20 299 0
2 -299 0
h -28 21 -300 0
h 28 -21 -300 0
1 300 0
h -28 22 -301 0
h 28 -22 -301 0
1 301 0
h -28 23 -302 0
h 28 -23 -302 0
1 302 0
h -28 -24 303 0
h 28 24 303 0
2 -303 0
h -28 25 -304 0
h 28 -25 -304 0
1 304 0
h -28 -26 305 0
h 28 26 305 0
1 -305 0
h -28 -27 306 0
h 28 27 306 0
1 -306 0
h -29 5 -307 0
h 29 -5 -307 0
2 307 0
h -29 9 -308 0
h 29 -9 -308 0
2 308 0
h -29 10 -309 0
h 29 -10 -309 0
2 309 0
h -29 11 -310 0
h 29 -11 -310 0
2 310 0
h -29 12 -311 0
h 29 -12 -311 0
2 311 0
h -29 -13 312 0
h 29 13 312 0
4 -312 0
h -29 18 -313 0
h 29 -18 -313 0
1 313 0
h -29 19 -314 0
h 29 -19 -314 0
1 314 0
h -29 20 -315 0
h 29 -20 -315 0
1 315 0
h -29 -21 316 0
h 29 21 316 0
2 -316 0
h -29 22 -317 0
h 29 -22 -317 0
1 317 0
h -29 23 -318 0
h 29 -23 -318 0
1 318 0
h -29 24 -319 0
h 29 -24 -319 0
1 319 0
h -29 -25 320 0
h 29 25 320 0
2 -320 0
h -29 -26 321 0
h 29 26 321 0
1 -321 0
h -29 -27 322 0
h 29 27 322 0
1 -322 0
h -29 -28 323 0
h 29 28 323 0
2 -323 0
h -30 2 -324 0
h 30 -2 -324 0
2 324 0
h -30 6 -325 0
h 30 -6 -325 0
2 325 0
h -30 -14 326 0
h 30 14 326 0
4 -326 0
h -30 15 -327 0
h 30 -15 -327 0
2 327 0
h -30 16 -328 0
h 30 -16 -328 0
2 328 0
h -30 17 -329 0
h 30 -17 -329 0
2 329 0
h -30 -18 330 0
h 30 18 330 0
2 -330 0
h -30 19 -331 0
h 30 -19 -331 0
1 331 0
h -30 20 -332 0
h 30 -20 -332 0
1 332 0
h -30 21 -333 0
h 30 -21 -333 0
1 333 0
h -30 -22 334 0
h 30 22 334 0
2 -334 0
h -30 23 -335 0
h 30 -23 -335 0
1 335 0
h -30 24 -336 0
h 30 -24 -336 0
1 336 0
h -30 25 -337 0
h 30 -25 -337 0
1 337 0
h -30 -26 338 0
h 30 26 338 0
4 -338 0
h -30 27 -339 0
h 30 -27 -339 0
2 339 0
h -30 28 -340 0
h 30 -28 -340 0
2 340 0
h -30 29 -341 0
h 30 -29 -341 0
2 341 0
h -31 3 -342 0
h 31 -3 -342 0
2 342 0
h -31 7 -343 0
h 31 -7 -343 0
2 343 0
h -31 14 -344 0
h 31 -14 -344 0
2 344 0
h -31 -15 345 0
h 31 15 345 0
4 -345 0
h -31 16 -346 0
h 31 -16 -346 0
2 346 0
h -31 17 -347 0
h 31 -17 -347 0
2 347 0
h -31 18 -348 0
h 31 -18 -348 0
1 348 0
h -31 -19 349 0
h 31 19 349 0
2 -349 0
h -31 20 -350 0
h 31 -20 -350 0
1 350 0
h -31 21 -351 0
h 31 -21 -351 0
1 351 0
h -31 22 -352 0
h 31 -22 -352 0
1 352 0
h -31 -23 353 0
h 31 23 353 0
2 -353 0
h -31 24 -354 0
h 31 -24 -354 0
1 354 0
h -31 25 -355 0
h 31 -25 -355 0
1 355 0
h -31 26 -356 0
h 31 -26 -356 0
2 356 0
h -31 -27 357 0
h 31 27 357 0
4 -357 0
h -31 28 -358 0
h 31 -28 -358 0
2 358 0
h -31 29 -359 0
h 31 -29 -359 0
2 359 0
h -31 -30 360 0
h 31 30 360 0
1 -360 0
h -32 4 -361 0
h 32 -4 -361 0
2 361 0
h -32 8 -362 0
h 32 -8 -362 0
2 362 0
h -32 14 -363 0
h 32 -14 -363 0
2 363 0
h -32 15 -364 0
h 32 -15 -364 0
2 364 0
h -32 -16 365 0
h 32 16 365 0
4 -365 0
h -32 17 -366 0
h 32 -17 -366 0
2 366 0
h -32 18 -367 0
h 32 -18 -367 0
1 367 0
h -32 19 -368 0
h 32 -19 -368 0
1 368 0
h -32 -20 369 0
h 32 20 369 0
2 -369 0
h -32 21 -370 0
h 32 -21 -370 0
1 370 0
h -32 22 -371 0
h 32 -22 -371 0
1 371 0
h -32 23 -372 0
h 32 -23 -372 0
1 372 0
h -32 -24 373 0
h 32 24 373 0
2 -373 0
h -32 25 -374 0
h 32 -25 -374 0
1 374 0
h -32 26 -375 0
h 32 -26 -375 0
2 375 0
h -32 27 -376 0
h 32 -27 -376 0
2 376 0
h -32 -28 377 0
h 32 28 377 0
4 -377 0
h -32 29 -378 0
h 32 -29 -378 0
2 378 0
h -32 -30 379 0
h 32 30 379 0
1 -379 0
h -32 -31 380 0
h 32 31 380 0
1 -380 0
h -33 5 -381 0
h 33 -5 -381 0
2 381 0
h -33 9 -382 0
h 33 -9 -382 0
2 382 0
h -33 14 -383 0
h 33 -14 -383 0
2 383 0
h -33 15 -384 0
h 33 -15 -384 0
2 384 0
h -33 16 -385 0
h 33 -16 -385 0
2 385 0
h -33 -17 386 0
h 33 17 386 0
4 -386 0
h -33 18 -387 0
h 33 -18 -387 0
1 387 0
h -33 19 -388 0
h 33 -19 -388 0
1 388 0
h -33 20 -389 0
h 33 -20 -389 0
1 389 0
h -33 -21 390 0
h 33 21 390 0
2 -390 0
h -33 22 -391 0
h 33 -22 -391 0
1 391 0
h -33 23 -392 0
h 33 -23 -392 0
1 392 0
h -33 24 -393 0
h 33 -24 -393 0
1 393 0
h -33 -25 394 0
h 33 25 394 0
2 -394 0
h -33 26 -395 0
h 33 -26 -395 0
2 395 0
h -33 27 -396 0
h 33 -27 -396 0
2 396 0
h -33 28 -397 0
h 33 -28 -397 0
2 397 0
h -33 -29 398 0
h 33 29 398 0
4 -398 0
h -33 -30 399 0
h 33 30 399 0
1 -399 0
h -33 -31 400 0
h 33 31 400 0
1 -400 0
h -33 -32 401 0
h 33 32 401 0
2 -401 0
h -34 -2 402 0
h 34 2 402 0
2 -402 0
h -34 3 -403 0
h 34 -3 -403 0
1 403 0
h -34 4 -404 0
h 34 -4 -404 0
1 404 0
h -34 5 -405 0
h 34 -5 -405 0
1 405 0
h -34 6 -406 0
h 34 -6 -406 0
2 406 0
h -34 -18 407 0
h 34 18 407 0
2 -407 0
h -34 19 -408 0
h 34 -19 -408 0
1 408 0
h -34 20 -409 0
h 34 -20 -409 0
1 409 0
h -34 21 -410 0
h 34 -21 -410 0
1 410 0
h -34 22 -411 0
h 34 -22 -411 0
2 411 0
h -35 2 -412 0
h 35 -2 -412 0
1 412 0
h -35 -3 413 0
h 35 3 413 0
2 -413 0
h -35 4 -414 0
h 35 -4 -414 0
1 414 0
h -35 5 -415 0
h 35 -5 -415 0
1 415 0
h -35 7 -416 0
h 35 -7 -416 0
2 416 0
h -35 18 -417 0
h 35 -18 -417 0
1 417 0
h -35 -19 418 0
h 35 19 418 0
2 -418 0
h -35 20 -419 0
h 35 -20 -419 0
1 419 0
h -35 21 -420 0
h 35 -21 -420 0
1 420 0
h -35 23 -421 0
h 35 -23 -421 0
2 421 0
h -35 -34 422 0
h 35 34 422 0
1 -422 0
h -36 2 -423 0
h 36 -2 -423 0
1 423 0
h -36 3 -424 0
h 36 -3 -424 0
1 424 0
h -36 -4 425 0
h 36 4 425 0
2 -425 0
h -36 5 -426 0
h 36 -5 -426 0
1 426 0
h -36 8 -427 0
h 36 -8 -427 0
2 427 0
h -36 18 -428 0
h 36 -18 -428 0
1 428 0
h -36 19 -429 0
h 36 -19 -429 0
1 429 0
h -36 -20 430 0
h 36 20 430 0
2 -430 0
h -36 21 -431 0
h 36 -21 -431 0
1 431 0
h -36 24 -432 0
h 36 -24 -432 0
2 432 0
h -36 -34 433 0
h 36 34 433 0
1 -433 0
h -36 -35 434 0
h 36 35 434 0
1 -434 0
h -37 2 -435 0
h 37 -2 -435 0
1 435 0
h -37 3 -436 0
h 37 -3 -436 0
1 436 0
h -37 4 -437 0
h 37 -4 -437 0
1 437 0
h -37 -5 438 0
h 37 5 438 0
2 -438 0
h -37 9 -439 0
h 37 -9 -439 0
2 439 0
h -37 18 -440 0
h 37 -18 -440 0
1 440 0
h -37 19 -441 0
h 37 -19 -441 0
1 441 0
h -37 20 -442 0
h 37 -20 -442 0
1 442 0
h -37 -21 443 0
h 37 21 443 0
2 -443 0
h -37 25 -444 0
h 37 -25 -444 0
2 444 0
h -37 -34 445 0
h 37 34 445 0
1 -445 0
h -37 -35 446 0
h 37 35 446 0
1 -446 0
h -37 -36 447 0
h 37 36 447 0
1 -447 0
h -38 2 -448 0
h 38 -2 -448 0
2 448 0
h -38 -6 449 0
h 38 6 449 0
2 -449 0
h -38 7 -450 0
h 38 -7 -450 0
1 450 0
h -38 8 -451 0
h 38 -8 -451 0
1 451 0
h -38 9 -452 0
h 38 -9 -452 0
1 452 0
h -38 18 -453 0
h 38 -18 -453 0
2 453 0
h -38 -22 454 0
h 38 22 454 0
2 -454 0
h -38 23 -455 0
h 38 -23 -455 0
1 455 0
h -38 24 -456 0
h 38 -24 -456 0
1 456 0
h -38 25 -457 0
h 38 -25 -457 0
1 457 0
h -38 -34 458 0
h 38 34 458 0
4 -458 0
h -38 35 -459 0
h 38 -35 -459 0
2 459 0
h -38 36 -460 0
h 38 -36 -460 0
2 460 0
h -38 37 -461 0
h 38 -37 -461 0
2 461 0
h -39 3 -462 0
h 39 -3 -462 0
2 462 0
h -39 6 -463 0
h 39 -6 -463 0
1 463 0
h -39 -7 464 0
h 39 7 464 0
2 -464 0
h -39 8 -465 0
h 39 -8 -465 0
1 465 0
h -39 9 -466 0
h 39 -9 -466 0
1 466 0
h -39 19 -467 0
h 39 -19 -467 0
2 467 0
h -39 22 -468 0
h 39 -22 -468 0
1 468 0
h -39 -23 469 0
h 39 23 469 0
2 -469 0
h -39 24 -470 0
h 39 -24 -470 0
1 470 0
h -39 25 -471 0
h 39 -25 -471 0
1 471 0
h -39 34 -472 0
h 39 -34 -472 0
2 472 0
h -39 -35 473 0
h 39 35 473 0
4 -473 0
h -39 36 -474 0
h 39 -36 -474 0
2 474 0
h -39 37 -475 0
h 39 -37 -475 0
2 475 0
h -39 -38 476 0
h 39 38 476 0
1 -476 0
h -40 4 -477 0
h 40 -4 -477 0
2 477 0
h -40 6 -478 0
h 40 -6 -478 0
1 478 0
h -40 7 -479 0
h 40 -7 -479 0
1 479 0
h -40 -8 480 0
h 40 8 480 0
2 -480 0
h -40 9 -481 0
h 40 -9 -481 0
1 481 0
h -40 20 -482 0
h 40 -20 -482 0
2 482 0
h -40 22 -483 0
h 40 -22 -483 0
1 483 0
h -40 23 -484 0
h 40 -23 -484 0
1 484 0
h -40 -24 485 0
h 40 24 485 0
2 -485 0
h -40 25 -486 0
h 40 -25 -486 0
1 486 0
h -40 34 -487 0
h 40 -34 -487 0
2 487 0
h -40 35 -488 0
h 40 -35 -488 0
2 488 0
h -40 -36 489 0
h 40 36 489 0
4 -489 0
h -40 37 -490 0
h 40 -37 -490 0
2 490 0
h -40 -38 491 0
h 40 38 491 0
1 -491 0
h -40 -39 492 0
h 40 39 492 0
1 -492 0
h -41 5 -493 0
h 41 -5 -493 0
2 493 0
h -41 6 -494 0
h 41 -6 -494 0
1 494 0
h -41 7 -495 0
h 41 -7 -495 0
1 495 0
h -41 8 -496 0
h 41 -8 -496 0
1 496 0
h -41 -9 497 0
h 41 9 497 0
2 -497 0
h -41 21 -498 0
h 41 -21 -498 0
2 498 0
h -41 22 -499 0
h 41 -22 -499 0
1 499 0
h -41 23 -500 0
h 41 -23 -500 0
1 500 0
h -41 24 -501 0
h 41 -24 -501 0
1 501 0
h -41 -25 502 0
h 41 25 502 0
2 -502 0
h -41 34 -503 0
h 41 -34 -503 0
2 503 0
h -41 35 -504 0
h 41 -35 -504 0
2 504 0
h -41 36 -505 0
h 41 -36 -505 0
2 505 0
h -41 -37 506 0
h 41 37 506 0
4 -506 0
h -41 -38 507 0
h 41 38 507 0
1 -507 0
h -41 -39 508 0
h 41 39 508 0
1 -508 0
h -41 -40 509 0
h 41 40 509 0
1 -509 0
h -42 -10 510 0
h 42 10 510 0
2 -510 0
h -42 11 -511 0
h 42 -11 -511 0
1 511 0
h -42 12 -512 0
h 42 -12 -512 0
1 512 0
h -42 13 -513 0
h 42 -13 -513 0
1 513 0
h -42 14 -514 0
h 42 -14 -514 0
2 514 0
h -42 -26 515 0
h 42 26 515 0
2 -515 0
h -42 27 -516 0
h 42 -27 -516 0
1 516 0
h -42 28 -517 0
h 42 -28 -517 0
1 517 0
h -42 29 -518 0
h 42 -29 -518 0
1 518 0
h -42 30 -519 0
h 42 -30 -519 0
2 519 0
h -42 -34 520 0
h 42 34 520 0
2 -520 0
h -42 35 -521 0
h 42 -35 -521 0
1 521 0
h -42 36 -522 0
h 42 -36 -522 0
1 522 0
h -42 37 -523 0
h 42 -37 -523 0
1 523 0
h -42 -38 524 0
h 42 38 524 0
2 -524 0
h -42 39 -525 0
h 42 -39 -525 0
1 525 0
h -42 40 -526 0
h 42 -40 -526 0
1 526 0
h -42 41 -527 0
h 42 -41 -527 0
1 527 0
h -43 10 -528 0
h 43 -10 -528 0
1 528 0
h -43 -11 529 0
h 43 11 529 0
2 -529 0
h -43 12 -530 0
h 43 -12 -530 0
1 530 0
h -43 13 -531 0
h 43 -13 -531 0
1 531 0
h -43 15 -532 0
h 43 -15 -532 0
2 532 0
h -43 26 -533 0
h 43 -26 -533 0
1 533 0
h -43 -27 534 0
h 43 27 534 0
2 -534 0
h -43 28 -535 0
h 43 -28 -535 0
1 535 0
h -43 29 -536 0
h 43 -29 -536 0
1 536 0
h -43 31 -537 0
h 43 -31 -537 0
2 537 0
h -43 34 -538 0
h 43 -34 -538 0
1 538 0
h -43 -35 539 0
h 43 35 539 0
2 -539 0
h -43 36 -540 0
h 43 -36 -540 0
1 540 0
h -43 37 -541 0
h 43 -37 -541 0
1 541 0
h -43 38 -542 0
h 43 -38 -542 0
1 542 0
h -43 -39 543 0
h 43 39 543 0
2 -543 0
h -43 40 -544 0
h 43 -40 -544 0
1 544 0
h -43 41 -545 0
h 43 -41 -545 0
1 545 0
h -43 -42 546 0
h 43 42 546 0
1 -546 0
h -44 10 -547 0
h 44 -10 -547 0
1 547 0
h -44 11 -548 0
h 44 -11 -548 0
1 548 0
h -44 -12 549 0
h 44 12 549 0
2 -549 0
h -44 13 -550 0
h 44 -13 -550 0
1 550 0
h -44 16 -551 0
h 44 -16 -551 0
2 551 0
h -44 26 -552 0
h 44 -26 -552 0
1 552 0
h -44 27 -553 0
h 44 -27 -553 0
1 553 0
h -44 -28 554 0
h 44 28 554 0
2 -554 0
h -44 29 -555 0
h 44 -29 -555 0
1 555 0
h -44 32 -556 0
h 44 -32 -556 0
2 556 0
h -44 34 -557 0
h 44 -34 -557 0
1 557 0
h -44 35 -558 0
h 44 -35 -558 0
1 558 0
h -44 -36 559 0
h 44 36 559 0
2 -559 0
h -44 37 -560 0
h 44 -37 -560 0
1 560 0
h -44 38 -561 0
h 44 -38 -561 0
1 561 0
h -44 39 -562 0
h 44 -39 -562 0
1 562 0
h -44 -40 563 0
h 44 40 563 0
2 -563 0
h -44 41 -564 0
h 44 -41 -564 0
1 564 0
h -44 -42 565 0
h 44 42 565 0
1 -565 0
h -44 -43 566 0
h 44 43 566 0
1 -566 0
h -45 10 -567 0
h 45 -10 -567 0
1 567 0
h -45 11 -568 0
h 45 -11 -568 0
1 568 0
h -45 12 -569 0
h 45 -12 -569 0
1 569 0
h -45 -13 570 0
h 45 13 570 0
2 -570 0
h -45 17 -571 0
h 45 -17 -571 0
2 571 0
h -45 26 -572 0
h 45 -26 -572 0
1 572 0
h -45 27 -573 0
h 45 -27 -573 0
1 573 0
h -45 28 -574 0
h 45 -28 -574 0
1 574 0
h -45 -29 575 0
h 45 29 575 0
2 -575 0
h -45 33 -576 0
h 45 -33 -576 0
2 576 0
h -45 34 -577 0
h 45 -34 -577 0
1 577 0
h -45 35 -578 0
h 45 -35 -578 0
1 578 0
h -45 36 -579 0
h 45 -36 -579 0
1 579 0
h -45 -37 580 0
h 45 37 580 0
2 -580 0
h -45 38 -581 0
h 45 -38 -581 0
1 581 0
h -45 39 -582 0
h 45 -39 -582 0
1 582 0
h -45 40 -583 0
h 45 -40 -583 0
1 583 0
h -45 -41 584 0
h 45 41 584 0
2 -584 0
h -45 -42 585 0
h 45 42 585 0
1 -585 0
h -45 -43 586 0
h 45 43 586 0
1 -586 0
h -45 -44 587 0
h 45 44 587 0
1 -587 0
h -46 10 -588 0
h 46 -10 -588 0
2 588 0
h -46 -14 589 0
h 46 14 589 0
2 -589 0
h -46 15 -590 0
h 46 -15 -590 0
1 590 0
h -46 16 -591 0
h 46 -16 -591 0
1 591 0
h -46 17 -592 0
h 46 -17 -592 0
1 592 0
h -46 26 -593 0
h 46 -26 -593 0
2 593 0
h -46 -30 594 0
h 46 30 594 0
2 -594 0
h -46 31 -595 0
h 46 -31 -595 0
1 595 0
h -46 32 -596 0
h 46 -32 -596 0
1 596 0
h -46 33 -597 0
h 46 -33 -597 0
1 597 0
h -46 -34 598 0
h 46 34 598 0
2 -598 0
h -46 35 -599 0
h 46 -35 -599 0
1 599 0
h -46 36 -600 0
h 46 -36 -600 0
1 600 0
h -46 37 -601 0
h 46 -37 -601 0
1 601 0
h -46 -38 602 0
h 46 38 602 0
2 -602 0
h -46 39 -603 0
h 46 -39 -603 0
1 603 0
h -46 40 -604 0
h 46 -40 -604 0
1 604 0
h -46 41 -605 0
h 46 -41 -605 0
1 605 0
h -46 -42 606 0
h 46 42 606 0
4 -606 0
h -46 43 -607 0
h 46 -43 -607 0
2 607 0
h -46 44 -608 0
h 46 -44 -608 0
2 608 0
h -46 45 -609 0
h 46 -45 -609 0
2 609 0
h -47 11 -610 0
h 47 -11 -610 0
2 610 0
h -47 14 -611 0
h 47 -14 -611 0
1 611 0
h -47 -15 612 0
h 47 15 612 0
2 -612 0
h -47 16 -613 0
h 47 -16 -613 0
1 613 0
h -47 17 -614 0
h 47 -17 -614 0
1 614 0
h -47 27 -615 0
h 47 -27 -615 0
2 615 0
h -47 30 -616 0
h 47 -30 -616 0
1 616 0
h -47 -31 617 0
h 47 31 617 0
2 -617 0
h -47 32 -618 0
h 47 -32 -618 0
1 618 0
h -47 33 -619 0
h 47 -33 -619 0
1 619 0
h -47 34 -620 0
h 47 -34 -620 0
1 620 0
h -47 -35 621 0
h 47 35 621 0
2 -621 0
h -47 36 -622 0
h 47 -36 -622 0
1 622 0
h -47 37 -623 0
h 47 -37 -623 0
1 623 0
h -47 38 -624 0
h 47 -38 -624 0
1 624 0
h -47 -39 625 0
h 47 39 625 0
2 -625 0
h -47 40 -626 0
h 47 -40 -626 0
1 626 0
h -47 41 -627 0
h 47 -41 -627 0
1 627 0
h -47 42 -628 0
h 47 -42 -628 0
2 628 0
h -47 -43 629 0
h 47 43 629 0
4 -629 0
h -47 44 -630 0
h 47 -44 -630 0
2 630 0
h -47 45 -631 0
h 47 -45 -631 0
2 631 0
h -47 -46 632 0
h 47 46 632 0
1 -632 0
h -48 12 -633 0
h 48 -12 -633 0
2 633 0
h -48 14 -634 0
h 48 -14 -634 0
1 634 0
h -48 15 -635 0
h 48 -15 -635 0
1 635 0
h -48 -16 636 0
h 48 16 636 0
2 -636 0
h -48 17 -637 0
h 48 -17 -637 0
1 637 0
h -48 28 -638 0
h 48 -28 -638 0
2 638 0
h -48 30 -639 0
h 48 -30 -639 0
1 639 0
h -48 31 -640 0
h 48 -31 -640 0
1 640 0
h -48 -32 641 0
h 48 32 641 0
2 -641 0
h -48 33 -642 0
h 48 -33 -642 0
1 642 0
h -48 34 -643 0
h 48 -34 -643 0
1 643 0
h -48 35 -644 0
h 48 -35 -644 0
1 644 0
h -48 -36 645 0
h 48 36 645 0
2 -645 0
h -48 37 -646 0
h 48 -37 -646 0
1 646 0
h -48 38 -647 0
h 48 -38 -647 0
1 647 0
h -48 39 -648 0
h 48 -39 -648 0
1 648 0
h -48 -40 649 0
h 48 40 649 0
2 -649 0
h -48 41 -650 0
h 48 -41 -650 0
1 650 0
h -48 42 -651 0
h 48 -42 -651 0
2 651 0
h -48 43 -652 0
h 48 -43 -652 0
2 652 0
h -48 -44 653 0
h 48 44 653 0
4 -653 0
h -48 45 -654 0
h 48 -45 -654 0
2 654 0
h -48 -46 655 0
h 48 46 655 0
1 -655 0
h -48 -47 656 0
h 48 47 656 0
1 -656 0
h -49 13 -657 0
h 49 -13 -657 0
2 657 0
h -49 14 -658 0
h 49 -14 -658 0
1 658 0
h -49 15 -659 0
h 49 -15 -659 0
1 659 0
h -49 16 -660 0
h 49 -16 -660 0
1 660 0
h -49 -17 661 0
h 49 17 661 0
2 -661 0
h -49 29 -662 0
h 49 -29 -662 0
2 662 0
h -49 30 -663 0
h 49 -30 -663 0
1 663 0
h -49 31 -664 0
h 49 -31 -664 0
1 664 0
h -49 32 -665 0
h 49 -32 -665 0
1 665 0
h -49 -33 666 0
h 49 33 666 0
2 -666 0
h -49 34 -667 0
h 49 -34 -667 0
1 667 0
h -49 35 -668 0
h 49 -35 -668 0
1 668 0
h -49 36 -669 0
h 49 -36 -669 0
1 669 0
h -49 -37 670 0
h 49 37 670 0
2 -670 0
h -49 38 -671 0
h 49 -38 -671 0
1 671 0
h -49 39 -672 0
h 49 -39 -672 0
1 672 0
h -49 40 -673 0
h 49 -40 -673 0
1 673 0
h -49 -41 674 0
h 49 41 674 0
2 -674 0
h -49 42 -675 0
h 49 -42 -675 0
2 675 0
h -49 43 -676 0
h 49 -43 -676 0
2 676 0
h -49 44 -677 0
h 49 -44 -677 0
2 677 0
h -49 -45 678 0
h 49 45 678 0
4 -678 0
h -49 -46 679 0
h 49 46 679 0
1 -679 0
h -49 -47 680 0
h 49 47 680 0
1 -680 0
h -49 -48 681 0
h 49 48 681 0
1 -681 0
h -50 -2 682 0
h 50 2 682 0
2 -682 0
h -50 3 -683 0
h 50 -3 -683 0
1 683 0
h -50 4 -684 0
h 50 -4 -684 0
1 684 0
h -50 5 -685 0
h 50 -5 -685 0
1 685 0
h -50 6 -686 0
h 50 -6 -686 0
2 686 0
h -50 -18 687 0
h 50 18 687 0
2 -687 0
h -50 19 -688 0
h 50 -19 -688 0
1 688 0
h -50 20 -689 0
h 50 -20 -689 0
1 689 0
h -50 21 -690 0
h 50 -21 -690 0
1 690 0
h -50 22 -691 0
h 50 -22 -691 0
2 691 0
h -50 -34 692 0
h 50 34 692 0
4 -692 0
h -50 35 -693 0
h 50 -35 -693 0
2 693 0
h -50 36 -694 0
h 50 -36 -694 0
2 694 0
h -50 37 -695 0
h 50 -37 -695 0
2 695 0
h -50 42 -696 0
h 50 -42 -696 0
2 696 0
h -50 46 -697 0
h 50 -46 -697 0
2 697 0
h -51 2 -698 0
h 51 -2 -698 0
1 698 0
h -51 -3 699 0
h 51 3 699 0
2 -699 0
h -51 4 -700 0
h 51 -4 -700 0
1 700 0
h -51 5 -701 0
h 51 -5 -701 0
1 701 0
h -51 7 -702 0
h 51 -7 -702 0
2 702 0
h -51 18 -703 0
h 51 -18 -703 0
1 703 0
h -51 -19 704 0
h 51 19 704 0
2 -704 0
h -51 20 -705 0
h 51 -20 -705 0
1 705 0
h -51 21 -706 0
h 51 -21 -706 0
1 706 0
h -51 23 -707 0
h 51 -23 -707 0
2 707 0
h -51 34 -708 0
h 51 -34 -708 0
2 708 0
h -51 -35 709 0
h 51 35 709 0
4 -709 0
h -51 36 -710 0
h 51 -36 -710 0
2 710 0
h -51 37 -711 0
h 51 -37 -711 0
2 711 0
h -51 43 -712 0
h 51 -43 -712 0
2 712 0
h -51 47 -713 0
h 51 -47 -713 0
2 713 0
h -51 -50 714 0
h 51 50 714 0
1 -714 0
h -52 2 -715 0
h 52 -2 -715 0
1 715 0
h -52 3 -716 0
h 52 -3 -716 0
1 716 0
h -52 -4 717 0
h 52 4 717 0
2 -717 0
h -52 5 -718 0
h 52 -5 -718 0
1 718 0
h -52 8 -719 0
h 52 -8 -719 0
2 719 0
h -52 18 -720 0
h 52 -18 -720 0
1 720 0
h -52 19 -721 0
h 52 -19 -721 0
1 721 0
h -52 -20 722 0
h 52 20 722 0
2 -722 0
h -52 21 -723 0
h 52 -21 -723 0
1 723 0
h -52 24 -724 0
h 52 -24 -724 0
2 724 0
h -52 34 -725 0
h 52 -34 -725 0
2 725 0
h -52 35 -726 0
h 52 -35 -726 0
2 726 0
h -52 -36 727 0
h 52 36 727 0
4 -727 0
h -52 37 -728 0
h 52 -37 -728 0
2 728 0
h -52 44 -729 0
h 52 -44 -729 0
2 729 0
h -52 48 -730 0
h 52 -48 -730 0
2 730 0
h -52 -50 731 0
h 52 50 731 0
1 -731 0
h -52 -51 732 0
h 52 51 732 0
1 -732 0
h -53 2 -733 0
h 53 -2 -733 0
1 733 0
h -53 3 -734 0
h 53 -3 -734 0
1 734 0
h -53 4 -735 0
h 53 -4 -735 0
1 735 0
h -53 -5 736 0
h 53 5 736 0
2 -736 0
h -53 9 -737 0
h 53 -9 -737 0
2 737 0
h -53 18 -738 0
h 53 -18 -738 0
1 738 0
h -53 19 -739 0
h 53 -19 -739 0
1 739 0
h -53 20 -740 0
h 53 -20 -740 0
1 740 0
h -53 -21 741 0
h 53 21 741 0
2 -741 0
h -53 25 -742 0
h 53 -25 -742 0
2 742 0
h -53 34 -743 0
h 53 -34 -743 0
2 743 0
h -53 35 -744 0
h 53 -35 -744 0
2 744 0
h -53 36 -745 0
h 53 -36 -745 0
2 745 0
h -53 -37 746 0
h 53 37 746 0
4 -746 0
h -53 45 -747 0
h 53 -45 -747 0
2 747 0
h -53 49 -748 0
h 53 -49 -748 0
2 748 0
h -53 -50 749 0
h 53 50 749 0
1 -749 0
h -53 -51 750 0
h 53 51 750 0
1 -750 0
h -53 -52 751 0
h 53 52 751 0
1 -751 0
h -54 2 -752 0
h 54 -2 -752 0
2 752 0
h -54 -6 753 0
h 54 6 753 0
2 -753 0
h -54 7 -754 0
h 54 -7 -754 0
1 754 0
h -54 8 -755 0
h 54 -8 -755 0
1 755 0
h -54 9 -756 0
h 54 -9 -756 0
1 756 0
h -54 18 -757 0
h 54 -18 -757 0
2 757 0
h -54 -22 758 0
h 54 22 758 0
2 -758 0
h -54 23 -759 0
h 54 -23 -759 0
1 759 0
h -54 24 -760 0
h 54 -24 -760 0
1 760 0
h -54 25 -761 0
h 54 -25 -761 0
1 761 0
h -54 -38 762 0
h 54 38 762 0
4 -762 0
h -54 39 -763 0
h 54 -39 -763 0
2 763 0
h -54 40 -764 0
h 54 -40 -764 0
2 764 0
h -54 41 -765 0
h 54 -41 -765 0
2 765 0
h -54 42 -766 0
h 54 -42 -766 0
2 766 0
h -54 46 -767 0
h 54 -46 -767 0
2 767 0
h -54 -50 768 0
h 54 50 768 0
4 -768 0
h -54 51 -769 0
h 54 -51 -769 0
2 769 0
h -54 52 -770 0
h 54 -52 -770 0
2 770 0
h -54 53 -771 0
h 54 -53 -771 0
2 771 0
h -55 3 -772 0
h 55 -3 -772 0
2 772 0
h -55 6 -773 0
h 55 -6 -773 0
1 773 0
h -55 -7 774 0
h 55 7 774 0
2 -774 0
h -55 8 -775 0
h 55 -8 -775 0
1 775 0
h -55 9 -776 0
h 55 -9 -776 0
1 776 0
h -55 19 -777 0
h 55 -19 -777 0
2 777 0
h -55 22 -778 0
h 55 -22 -778 0
1 778 0
h -55 -23 779 0
h 55 23 779 0
2 -779 0
h -55 24 -780 0
h 55 -24 -780 0
1 780 0
h -55 25 -781 0
h 55 -25 -781 0
1 781 0
h -55 38 -782 0
h 55 -38 -782 0
2 782 0
h -55 -39 783 0
h 55 39 783 0
4 -783 0
h -55 40 -784 0
h 55 -40 -784 0
2 784 0
h -55 41 -785 0
h 55 -41 -785 0
2 785 0
h -55 43 -786 0
h 55 -43 -786 0
2 786 0
h -55 47 -787 0
h 55 -47 -787 0
2 787 0
h -55 50 -788 0
h 55 -50 -788 0
2 788 0
h -55 -51 789 0
h 55 51 789 0
4 -789 0
h -55 52 -790 0
h 55 -52 -790 0
2 790 0
h -55 53 -791 0
h 55 -53 -791 0
2 791 0
h -55 -54 792 0
h 55 54 792 0
1 -792 0
h -56 4 -793 0
h 56 -4 -793 0
2 793 0
h -56 6 -794 0
h 56 -6 -794 0
1 794 0
h -56 7 -795 0
h 56 -7 -795 0
1 795 0
h -56 -8 796 0
h 56 8 796 0
2 -796 0
h -56 9 -797 0
h 56 -9 -797 0
1 797 0
h -56 20 -798 0
h 56 -20 -798 0
2 798 0
h -56 22 -799 0
h 56 -22 -799 0
1 799 0
h -56 23 -800 0
h 56 -23 -800 0
1 800 0
h -56 -24 801 0
h 56 24 801 0
2 -801 0
h -56 25 -802 0
h 56 -25 -802 0
1 802 0
h -56 38 -803 0
h 56 -38 -803 0
2 803 0
h -56 39 -804 0
h 56 -39 -804 0
2 804 0
h -56 -40 805 0
h 56 40 805 0
4 -805 0
h -56 41 -806 0
h 56 -41 -806 0
2 806 0
h -56 44 -807 0
h 56 -44 -807 0
2 807 0
h -56 48 -808 0
h 56 -48 -808 0
2 808 0
h -56 50 -809 0
h 56 -50 -809 0
2 809 0
h -56 51 -810 0
h 56 -51 -810 0
2 810 0
h -56 -52 811 0
h 56 52 811 0
4 -811 0
h -56 53 -812 0
h 56 -53 -812 0
2 812 0
h -56 -54 813 0
h 56 54 813 0
1 -813 0
h -56 -55 814 0
h 56 55 814 0
1 -814 0
h -57 5 -815 0
h 57 -5 -815 0
2 815 0
h -57 6 -816 0
h 57 -6 -816 0
1 816 0
h -57 7 -817 0
h 57 -7 -817 0
1 817 0
h -57 8 -818 0
h 57 -8 -818 0
1 818 0
h -57 -9 819 0
h 57 9 819 0
2 -819 0
h -57 21 -820 0
h 57 -21 -820 0
2 820 0
h -57 22 -821 0
h 57 -22 -821 0
1 821 0
h -57 23 -822 0
h 57 -23 -822 0
1 822 0
h -57 24 -823 0
h 57 -24 -823 0
1 823 0
h -57 -25 824 0
h 57 25 824 0
2 -824 0
h -57 38 -825 0
h 57 -38 -825 0
2 825 0
h -57 39 -826 0
h 57 -39 -826 0
2 826 0
h -57 40 -827 0
h 57 -40 -827 0
2 827 0
h -57 -41 828 0
h 57 41 828 0
4 -828 0
h -57 45 -829 0
h 57 -45 -829 0
2 829 0
h -57 49 -830 0
h 57 -49 -830 0
2 830 0
h -57 50 -831 0
h 57 -50 -831 0
2 831 0
h -57 51 -832 0
h 57 -51 -832 0
2 832 0
h -57 52 -833 0
h 57 -52 -833 0
2 833 0
h -57 -53 834 0
h 57 53 834 0
4 -834 0
h -57 -54 835 0
h 57 54 835 0
1 -835 0
h -57 -55 836 0
h 57 55 836 0
1 -836 0
h -57 -56 837 0
h 57 56 837 0
1 -837 0
h -58 -10 838 0
h 58 10 838 0
2 -838 0
h -58 11 -839 0
h 58 -11 -839 0
1 839 0
h -58 12 -840 0
h 58 -12 -840 0
1 840 0
h -58 13 -841 0
h 58 -13 -841 0
1 841 0
h -58 14 -842 0
h 58 -14 -842 0
2 842 0
h -58 -26 843 0
h 58 26 843 0
2 -843 0
h -58 27 -844 0
h 58 -27 -844 0
1 844 0
h -58 28 -845 0
h 58 -28 -845 0
1 845 0
h -58 29 -846 0
h 58 -29 -846 0
1 846 0
h -58 30 -847 0
h 58 -30 -847 0
2 847 0
h -58 34 -848 0
h 58 -34 -848 0
2 848 0
h -58 38 -849 0
h 58 -38 -849 0
2 849 0
h -58 -42 850 0
h 58 42 850 0
4 -850 0
h -58 43 -851 0
h 58 -43 -851 0
2 851 0
h -58 44 -852 0
h 58 -44 -852 0
2 852 0
h -58 45 -853 0
h 58 -45 -853 0
2 853 0
h -58 -50 854 0
h 58 50 854 0
2 -854 0
h -58 51 -855 0
h 58 -51 -855 0
1 855 0
h -58 52 -856 0
h 58 -52 -856 0
1 856 0
h -58 53 -857 0
h 58 -53 -857 0
1 857 0
h -58 -54 858 0
h 58 54 858 0
2 -858 0
h -58 55 -859 0
h 58 -55 -859 0
1 859 0
h -58 56 -860 0
h 58 -56 -860 0
1 860 0
h -58 57 -861 0
h 58 -57 -861 0
1 861 0
h -59 10 -862 0
h 59 -10 -862 0
1 862 0
h -59 -11 863 0
h 59 11 863 0
2 -863 0
h -59 12 -864 0
h 59 -12 -864 0
1 864 0
h -59 13 -865 0
h 59 -13 -865 0
1 865 0
h -59 15 -866 0
h 59 -15 -866 0
2 866 0
h -59 26 -867 0
h 59 -26 -867 0
1 867 0
h -59 -27 868 0
h 59 27 868 0
2 -868 0
h -59 28 -869 0
h 59 -28 -869 0
1 869 0
h -59 29 -870 0
h 59 -29 -870 0
1 870 0
h -59 31 -871 0
h 59 -31 -871 0
2 871 0
h -59 35 -872 0
h 59 -35 -872 0
2 872 0
h -59 39 -873 0
h 59 -39 -873 0
2 873 0
h -59 42 -874 0
h 59 -42 -874 0
2 874 0
h -59 -43 875 0
h 59 43 875 0
4 -875 0
h -59 44 -876 0
h 59 -44 -876 0
2 876 0
h -59 45 -877 0
h 59 -45 -877 0
2 877 0
h -59 50 -878 0
h 59 -50 -878 0
1 878 0
h -59 -51 879 0
h 59 51 879 0
2 -879 0
h -59 52 -880 0
h 59 -52 -880 0
1 880 0
h -59 53 -881 0
h 59 -53 -881 0
1 881 0
h -59 54 -882 0
h 59 -54 -882 0
1 882 0
h -59 -55 883 0
h 59 55 883 0
2 -883 0
h -59 56 -884 0
h 59 -56 -884 0
1 884 0
h -59 57 -885 0
h 59 -57 -885 0
1 885 0
h -59 -58 886 0
h 59 58 886 0
1 -886 0
h -60 10 -887 0
h 60 -10 -887 0
1 887 0
h -60 11 -888 0
h 60 -11 -888 0
1 888 0
h -60 -12 889 0
h 60 12 889 0
2 -889 0
h -60 13 -890 0
h 60 -13 -890 0
1 890 0
h -60 16 -891 0
h 60 -16 -891 0
2 891 0
h -60 26 -892 0
h 60 -26 -892 0
1 892 0
h -60 27 -893 0
h 60 -27 -893 0
1 893 0
h -60 -28 894 0
h 60 28 894 0
2 -894 0
h -60 29 -895 0
h 60 -29 -895 0
1 895 0
h -60 32 -896 0
h 60 -32 -896 0
2 896 0
h -60 36 -897 0
h 60 -36 -897 0
2 897 0
h -60 40 -898 0
h 60 -40 -898 0
2 898 0
h -60 42 -899 0
h 60 -42 -899 0
2 899 0
h -60 43 -900 0
h 60 -43 -900 0
2 900 0
h -60 -44 901 0
h 60 44 901 0
4 -901 0
h -60 45 -902 0
h 60 -45 -902 0
2 902 0
h -60 50 -903 0
h 60 -50 -903 0
1 903 0
h -60 51 -904 0
h 60 -51 -904 0
1 904 0
h -60 -52 905 0
h 60 52 905 0
2 -905 0
h -60 53 -906 0
h 60 -53 -906 0
1 906 0
h -60 54 -907 0
h 60 -54 -907 0
1 907 0
h -60 55 -908 0
h 60 -55 -908 0
1 908 0
h -60 -56 909 0
h 60 56 909 0
2 -909 0
h -60 57 -910 0
h 60 -57 -910 0
1 910 0
h -60 -58 911 0
h 60 58 911 0
1 -911 0
h -60 -59 912 0
h 60 59 912 0
1 -912 0
h -61 10 -913 0
h 61 -10 -913 0
1 913 0
h -61 11 -914 0
h 61 -11 -914 0
1 914 0
h -61 12 -915 0
h 61 -12 -915 0
1 915 0
h -61 -13 916 0
h 61 13 916 0
2 -916 0
h -61 17 -917 0
h 61 -17 -917 0
2 917 0
h -61 26 -918 0
h 61 -26 -918 0
1 918 0
h -61 27 -919 0
h 61 -27 -919 0
1 919 0
h -61 28 -920 0
h 61 -28 -920 0
1 920 0
h -61 -29 921 0
h 61 29 921 0
2 -921 0
h -61 33 -922 0
h 61 -33 -922 0
2 922 0
h -61 37 -923 0
h 61 -37 -923 0
2 923 0
h -61 41 -924 0
h 61 -41 -924 0
2 924 0
h -61 42 -925 0
h 61 -42 -925 0
2 925 0
h -61 43 -926 0
h 61 -43 -926 0
2 926 0
h -61 44 -927 0
h 61 -44 -927 0
2 927 0
h -61 -45 928 0
h 61 45 928 0
4 -928 0
h -61 50 -929 0
h 61 -50 -929 0
1 929 0
h -61 51 -930 0
h 61 -51 -930 0
1 930 0
h -61 52 -931 0
h 61 -52 -931 0
1 931 0
h -61 -53 932 0
h 61 53 932 0
2 -932 0
h -61 54 -933 0
h 61 -54 -933 0
1 933 0
h -61 55 -934 0
h 61 -55 -934 0
1 934 0
h -61 56 -935 0
h 61 -56 -935 0
1 935 0
h -61 -57 936 0
h 61 57 936 0
2 -936 0
h -61 -58 937 0
h 61 58 937 0
1 -937 0
h -61 -59 938 0
h 61 59 938 0
1 -938 0
h -61 -60 939 0
h 61 60 939 0
1 -939 0
h -62 10 -940 0
h 62 -10 -940 0
2 940 0
h -62 -14 941 0
h 62 14 941 0
2 -941 0
h -62 15 -942 0
h 62 -15 -942 0
1 942 0
h -62 16 -943 0
h 62 -16 -943 0
1 943 0
h -62 17 -944 0
h 62 -17 -944 0
1 944 0
h -62 26 -945 0
h 62 -26 -945 0
2 945 0
h -62 -30 946 0
h 62 30 946 0
2 -946 0
h -62 31 -947 0
h 62 -31 -947 0
1 947 0
h -62 32 -948 0
h 62 -32 -948 0
1 948 0
h -62 33 -949 0
h 62 -33 -949 0
1 949 0
h -62 34 -950 0
h 62 -34 -950 0
2 950 0
h -62 38 -951 0
h 62 -38 -951 0
2 951 0
h -62 -46 952 0
h 62 46 952 0
4 -952 0
h -62 47 -953 0
h 62 -47 -953 0
2 953 0
h -62 48 -954 0
h 62 -48 -954 0
2 954 0
h -62 49 -955 0
h 62 -49 -955 0
2 955 0
h -62 -50 956 0
h 62 50 956 0
2 -956 0
h -62 51 -957 0
h 62 -51 -957 0
1 957 0
h -62 52 -958 0
h 62 -52 -958 0
1 958 0
h -62 53 -959 0
h 62 -53 -959 0
1 959 0
h -62 -54 960 0
h 62 54 960 0
2 -960 0
h -62 55 -961 0
h 62 -55 -961 0
1 961 0
h -62 56 -962 0
h 62 -56 -962 0
1 962 0
h -62 57 -963 0
h 62 -57 -963 0
1 963 0
h -62 -58 964 0
h 62 58 964 0
4 -964 0
h -62 59 -965 0
h 62 -59 -965 0
2 965 0
h -62 60 -966 0
h 62 -60 -966 0
2 966 0
h -62 61 -967 0
h 62 -61 -967 0
2 967 0
h -63 11 -968 0
h 63 -11 -968 0
2 968 0
h -63 14 -969 0
h 63 -14 -969 0
1 969 0
h -63 -15 970 0
h 63 15 970 0
2 -970 0
h -63 16 -971 0
h 63 -16 -971 0
1 971 0
h -63 17 -972 0
h 63 -17 -972 0
1 972 0
h -63 27 -973 0
h 63 -27 -973 0
2 973 0
h -63 30 -974 0
h 63 -30 -974 0
1 974 0
h -63 -31 975 0
h 63 31 975 0
2 -975 0
h -63 32 -976 0
h 63 -32 -976 0
1 976 0
h -63 33 -977 0
h 63 -33 -977 0
1 977 0
h -63 35 -978 0
h 63 -35 -978 0
2 978 0
h -63 39 -979 0
h 63 -39 -979 0
2 979 0
h -63 46 -980 0
h 63 -46 -980 0
2 980 0
h -63 -47 981 0
h 63 47 981 0
4 -981 0
h -63 48 -982 0
h 63 -48 -982 0
2 982 0
h -63 49 -983 0
h 63 -49 -983 0
2 983 0
h -63 50 -984 0
h 63 -50 -984 0
1 984 0
h -63 -51 985 0
h 63 51 985 0
2 -985 0
h -63 52 -986 0
h 63 -52 -986 0
1 986 0
h -63 53 -987 0
h 63 -53 -987 0
1 987 0
h -63 54 -988 0
h 63 -54 -988 0
1 988 0
h -63 -55 989 0
h 63 55 989 0
2 -989 0
h -63 56 -990 0
h 63 -56 -990 0
1 990 0
h -63 57 -991 0
h 63 -57 -991 0
1 991 0
h -63 58 -992 0
h 63 -58 -992 0
2 992 0
h -63 -59 993 0
h 63 59 993 0
4 -993 0
h -63 60 -994 0
h 63 -60 -994 0
2 994 0
h -63 61 -995 0
h 63 -61 -995 0
2 995 0
h -63 -62 996 0
h 63 62 996 0
1 -996 0
h -64 12 -997 0
h 64 -12 -997 0
2 997 0
h -64 14 -998 0
h 64 -14 -998 0
1 998 0
h -64 15 -999 0
h 64 -15 -999 0
1 999 0
h -64 -16 1000 0
h 64 16 1000 0
2 -1000 0
h -64 17 -1001 0
h 64 -17 -1001 0
1 1001 0
h -64 28 -1002 0
h 64 -28 -1002 0
2 1002 0
h -64 30 -1003 0
h 64 -30 -1003 0
1 1003 0
h -64 31 -1004 0
h 64 -31 -1004 0
1 1004 0
h -64 -32 1005 0
h 64 32 1005 0
2 -1005 0
h -64 33 -1006 0
h 64 -33 -1006 0
1 1006 0
h -64 36 -1007 0
h 64 -36 -1007 0
2 1007 0
h -64 40 -1008 0
h 64 -40 -1008 0
2 1008 0
h -64 46 -1009 0
h 64 -46 -1009 0
2 1009 0
h -64 47 -1010 0
h 64 -47 -1010 0
2 1010 0
h -64 -48 1011 0
h 64 48 1011 0
4 -1011 0
h -64 49 -1012 0
h 64 -49 -1012 0
2 1012 0
h -64 50 -1013 0
h 64 -50 -1013 0
1 1013 0
h -64 51 -1014 0
h 64 -51 -1014 0
1 1014 0
h -64 -52 1015 0
h 64 52 1015 0
2 -1015 0
h -64 53 -1016 0
h 64 -53 -1016 0
1 1016 0
h -64 54 -1017 0
h 64 -54 -1017 0
1 1017 0
h -64 55 -1018 0
h 64 -55 -1018 0
1 1018 0
h -64 -56 1019 0
h 64 56 1019 0
2 -1019 0
h -64 57 -1020 0
h 64 -57 -1020 0
1 1020 0
h -64 58 -1021 0
h 64 -58 -1021 0
2 1021 0
h -64 59 -1022 0
h 64 -59 -1022 0
2 1022 0
h -64 -60 1023 0
h 64 60 1023 0
4 -1023 0
h -64 61 -1024 0
h 64 -61 -1024 0
2 1024 0
h -64 -62 1025 0
h 64 62 1025 0
1 -1025 0
h -64 -63 1026 0
h 64 63 1026 0
1 -1026 0
h -65 13 -1027 0
h 65 -13 -1027 0
2 1027 0
h -65 14 -1028 0
h 65 -14 -1028 0
1 1028 0
h -65 15 -1029 0
h 65 -15 -1029 0
1 1029 0
h -65 16 -1030 0
h 65 -16 -1030 0
1 1030 0
h -65 -17 1031 0
h 65 17 1031 0
2 -1031 0
h -65 29 -1032 0
h 65 -29 -1032 0
2 1032 0
h -65 30 -1033 0
h 65 -30 -1033 0
1 1033 0
h -65 31 -1034 0
h 65 -31 -1034 0
1 1034 0
h -65 32 -1035 0
h 65 -32 -1035 0
1 1035 0
h -65 -33 1036 0
h 65 33 1036 0
2 -1036 0
h -65 37 -1037 0
h 65 -37 -1037 0
2 1037 0
h -65 41 -1038 0
h 65 -41 -1038 0
2 1038 0
h -65 46 -1039 0
h 65 -46 -1039 0
2 1039 0
h -65 47 -1040 0
h 65 -47 -1040 0
2 1040 0
h -65 48 -1041 0
h 65 -48 -1041 0
2 1041 0
h -65 -49 1042 0
h 65 49 1042 0
4 -1042 0
h -65 50 -1043 0
h 65 -50 -1043 0
1 1043 0
h -65 51 -1044 0
h 65 -51 -1044 0
1 1044 0
h -65 52 -1045 0
h 65 -52 -1045 0
1 1045 0
h -65 -53 1046 0
h 65 53 1046 0
2 -1046 0
h -65 54 -1047 0
h 65 -54 -1047 0
1 1047 0
h -65 55 -1048 0
h 65 -55 -1048 0
1 1048 0
h -65 56 -1049 0
h 65 -56 -1049 0
1 1049 0
h -65 -57 1050 0
h 65 57 1050 0
2 -1050 0
h -65 58 -1051 0
h 65 -58 -1051 0
2 1051 0
h -65 59 -1052 0
h 65 -59 -1052 0
2 1052 0
h -65 60 -1053 0
h 65 -60 -1053 0
2 1053 0
h -65 -61 1054 0
h 65 61 1054 0
4 -1054 0
h -65 -62 1055 0
h 65 62 1055 0
1 -1055 0
h -65 -63 1056 0
h 65 63 1056 0
1 -1056 0
h -65 -64 1057 0
h 65 64 1057 0
1 -1057 0
